# EH4452-LU-P9.1(9.4)-NOT-SPLIT
# FULL
# root_node_id = 1
# node_id x_um y_um z_um
1	316	402.000000	252.000000
2	342	471.000000	22.500000
3	293	482.000000	26.000000
4	385	345.000000	29.000000
5	2.533333e+02	399.333333	29.333333
6	3.626667e+02	389.333333	30.333333
7	332	386.000000	32.000000
8	356	439.000000	32.000000
9	461	239.000000	33.000000
10	3.166667e+02	417.333333	34.333333
11	3.263333e+02	339.666667	36.666667
12	286	345.000000	36.000000
13	2.216667e+02	367.333333	36.333333
14	4.313333e+02	310.333333	37.333333
15	256	337.000000	37.000000
16	1.793333e+02	394.666667	37.666667
17	256	411.333333	37.333333
18	318	244.000000	38.000000
19	348	299.000000	38.000000
20	269	461.000000	40.000000
21	332	284.000000	41.000000
22	401	375.666667	41.666667
23	326	459.000000	41.000000
24	4.146667e+02	347.666667	42.333333
25	314	358.000000	43.000000
26	232	452.000000	43.000000
27	4.576667e+02	233.666667	44.666667
28	4.036667e+02	242.666667	44.666667
29	335	275.000000	44.000000
30	246	333.000000	44.000000
31	2.923333e+02	344.333333	44.666667
32	317	346.000000	44.000000
33	2.203333e+02	366.333333	44.666667
34	431	261.000000	45.000000
35	3.366667e+02	293.666667	45.333333
36	3.023333e+02	310.666667	45.666667
37	4.013333e+02	353.333333	45.333333
38	259	373.000000	45.000000
39	3.223333e+02	416.000000	45.666667
40	153	430.000000	45.000000
41	231	452.000000	45.000000
42	247	495.000000	45.000000
43	456	217.000000	46.000000
44	392	276.000000	46.000000
45	3.713333e+02	393.333333	46.666667
46	260	410.000000	47.000000
47	178	481.000000	47.000000
48	256	264.000000	48.000000
49	3.753333e+02	309.666667	48.666667
50	386	399.000000	48.000000
51	220	409.000000	48.000000
52	3.473333e+02	431.333333	48.666667
53	103	433.000000	48.000000
54	300	482.333333	48.666667
55	2.586667e+02	262.666667	49.666667
56	331	379.000000	49.000000
57	190	394.000000	49.000000
58	3.123333e+02	453.333333	49.333333
59	425	306.000000	50.000000
60	218	358.000000	50.000000
61	2.706667e+02	525.333333	50.666667
62	307	245.000000	51.000000
63	3.473333e+02	249.666667	51.333333
64	2.943333e+02	261.666667	51.666667
65	2.503333e+02	371.666667	51.666667
66	2.673333e+02	377.666667	51.333333
67	183	472.000000	51.000000
68	479	168.000000	52.000000
69	441	275.000000	52.000000
70	179	349.000000	52.000000
71	282	418.000000	52.000000
72	493	200.333333	53.333333
73	3.893333e+02	345.333333	53.333333
74	261	471.000000	53.000000
75	306	341.000000	54.000000
76	366	349.000000	54.000000
77	146	398.000000	54.000000
78	2.516667e+02	487.666667	54.333333
79	320	192.000000	55.000000
80	2.503333e+02	293.333333	55.333333
81	1.953333e+02	400.000000	55.666667
82	1.883333e+02	445.333333	55.666667
83	3.033333e+02	494.333333	55.333333
84	406	208.000000	56.000000
85	177	306.000000	56.000000
86	3.753333e+02	315.333333	56.666667
87	1.926667e+02	348.666667	56.666667
88	218	409.000000	56.000000
89	114	446.666667	56.333333
90	253	477.000000	56.000000
91	348	192.000000	57.000000
92	262	252.000000	57.000000
93	3.026667e+02	256.666667	57.333333
94	261	300.000000	57.000000
95	206	302.000000	58.000000
96	111	351.000000	58.000000
97	206	361.000000	58.000000
98	2.826667e+02	426.333333	58.333333
99	307	454.000000	58.000000
100	233	466.000000	58.000000
101	320	198.000000	59.000000
102	331	205.000000	59.000000
103	3.603333e+02	205.666667	59.666667
104	455	237.000000	59.000000
105	225	258.000000	59.000000
106	298	322.000000	59.000000
107	199	338.000000	59.000000
108	1.486667e+02	354.666667	59.666667
109	267	406.000000	59.000000
110	348	244.000000	60.000000
111	394	279.000000	60.000000
112	2.616667e+02	303.666667	60.666667
113	134	395.000000	60.000000
114	1.796667e+02	456.333333	60.666667
115	2.226667e+02	476.333333	60.333333
116	321	383.000000	61.000000
117	1.613333e+02	439.666667	61.666667
118	481	179.333333	62.333333
119	404	258.000000	62.000000
120	4.166667e+02	317.333333	62.666667
121	255	329.000000	62.000000
122	1.236667e+02	349.666667	62.333333
123	320	402.000000	62.000000
124	2.286667e+02	412.333333	62.666667
125	4.813333e+02	191.666667	63.333333
126	362	215.000000	63.000000
127	205	242.000000	63.000000
128	191	301.000000	63.000000
129	349	321.000000	63.000000
130	8.533333e+01	358.333333	63.666667
131	2.673333e+02	384.333333	63.666667
132	2.096667e+02	402.333333	63.333333
133	345	411.000000	63.000000
134	151	448.000000	63.000000
135	444	201.000000	64.000000
136	341	236.000000	64.000000
137	3.073333e+02	334.333333	64.333333
138	376	344.000000	64.000000
139	311	377.000000	64.000000
140	87	400.000000	64.000000
141	3.073333e+02	442.333333	64.666667
142	4.613333e+02	144.666667	65.666667
143	366	226.000000	65.000000
144	173	264.000000	65.000000
145	180	271.000000	65.000000
146	4.236667e+02	279.333333	65.666667
147	2.216667e+02	246.333333	66.333333
148	2.773333e+02	379.666667	66.333333
149	2.983333e+02	460.333333	66.333333
150	274	514.000000	66.000000
151	3.126667e+02	210.666667	67.333333
152	324	313.000000	67.000000
153	127	315.000000	67.000000
154	367	319.000000	67.000000
155	288	322.000000	68.000000
156	264	337.000000	68.000000
157	7.566667e+01	426.666667	68.000000
158	372	178.000000	69.000000
159	305	297.000000	69.000000
160	235	361.000000	69.000000
161	138	362.000000	69.000000
162	3.243333e+02	391.333333	69.333333
163	164	426.000000	69.000000
164	5.793333e+02	109.000000	70.333333
165	402	252.000000	70.000000
166	4.003333e+02	271.333333	70.333333
167	369	276.000000	70.000000
168	3.426667e+02	393.333333	70.333333
169	246	466.000000	70.000000
170	404	167.000000	71.000000
171	3.926667e+02	179.333333	71.000000
172	433	235.000000	71.000000
173	253	318.000000	71.000000
174	422	327.000000	71.000000
175	331	342.000000	71.000000
176	138	388.000000	71.000000
177	469	201.000000	72.000000
178	261	203.000000	72.000000
179	2.263333e+02	245.666667	72.666667
180	3.156667e+02	300.333333	72.333333
181	131	304.000000	72.000000
182	360	326.000000	72.000000
183	372	344.000000	72.000000
184	168	380.000000	72.000000
185	3.116667e+02	409.333333	72.333333
186	87	416.000000	72.000000
187	172	448.333333	72.333333
188	408	211.000000	73.000000
189	191	291.000000	73.000000
190	312	369.000000	73.000000
191	190	510.000000	73.000000
192	449	155.000000	74.000000
193	304	255.000000	74.000000
194	261	397.000000	74.000000
195	342	422.000000	74.000000
196	2.166667e+02	517.333333	74.666667
197	450	199.000000	75.000000
198	367	239.000000	75.000000
199	372	313.000000	75.000000
200	321	321.000000	75.000000
201	1.253333e+02	453.666667	75.666667
202	285	192.000000	76.000000
203	232	234.000000	76.000000
204	77	354.000000	76.000000
205	4.475000e+02	230.500000	77.500000
206	6.266667e+01	337.666667	77.666667
207	233	361.000000	77.000000
208	338	388.000000	77.000000
209	1.673333e+02	508.666667	77.333333
210	265	509.666667	77.333333
211	2.182500e+02	188.750000	78.750000
212	3.656667e+02	251.666667	78.666667
213	3.156667e+02	259.666667	78.666667
214	331	328.000000	78.000000
215	3.826667e+02	348.333333	78.666667
216	3.436667e+02	361.000000	78.666667
217	217	378.000000	78.000000
218	240	394.000000	78.000000
219	132	396.000000	78.000000
220	146	479.000000	78.000000
221	1.896667e+02	223.666667	79.333333
222	363	274.000000	79.000000
223	379	316.000000	79.000000
224	2.123333e+02	397.333333	79.666667
225	4.393333e+02	153.666667	80.666667
226	259	207.000000	80.000000
227	407	220.000000	80.000000
228	412	277.000000	80.000000
229	2.516667e+02	319.333333	80.333333
230	170	376.000000	80.000000
231	1.796667e+02	501.666667	80.333333
232	294	175.000000	81.000000
233	445	190.000000	81.000000
234	4.573333e+02	207.333333	81.333333
235	2.726667e+02	275.666667	81.333333
236	343	278.000000	81.000000
237	73	343.000000	81.000000
238	350	155.000000	82.000000
239	307	233.000000	82.000000
240	145	378.000000	82.000000
241	64	392.000000	82.000000
242	2.906667e+02	453.666667	82.666667
243	3.453333e+02	276.666667	83.666667
244	1.276667e+02	302.333333	83.666667
245	157	308.000000	83.000000
246	216	343.000000	83.000000
247	164	357.000000	83.000000
248	222	365.000000	83.000000
249	2.453333e+02	388.666667	83.000000
250	272	450.000000	83.000000
251	1.146667e+02	458.666667	83.333333
252	1.896667e+02	463.666667	83.666667
253	297	172.000000	84.000000
254	404	200.666667	84.333333
255	3.766667e+02	239.333333	84.333333
256	3.236667e+02	253.333333	84.333333
257	357	281.000000	84.000000
258	358	338.000000	84.000000
259	3.263333e+02	384.666667	84.333333
260	3.633333e+02	386.333333	84.666667
261	289	184.000000	85.000000
262	231	303.000000	85.000000
263	336	320.666667	85.333333
264	312	329.000000	85.000000
265	3.493333e+02	355.666667	85.333333
266	165	370.000000	85.000000
267	228	449.000000	85.000000
268	1.366667e+02	474.666667	85.666667
269	490	131.000000	86.000000
270	2.806667e+02	220.333333	86.666667
271	458	237.000000	86.000000
272	4.306667e+02	279.666667	86.666667
273	115	351.000000	86.000000
274	214	355.000000	86.000000
275	2.076667e+02	413.666667	86.666667
276	252	428.000000	86.000000
277	3.026667e+02	460.333333	86.000000
278	177	463.000000	86.000000
279	2.756667e+02	475.333333	86.666667
280	126	489.000000	86.000000
281	237	164.333333	87.666667
282	2.703333e+02	222.666667	87.000000
283	272	268.000000	87.000000
284	401	276.000000	87.000000
285	423	284.000000	87.000000
286	112	298.000000	87.000000
287	2.003333e+02	301.333333	87.000000
288	175	448.000000	87.000000
289	1.293333e+02	503.666667	87.666667
290	2.596667e+02	519.333333	87.666667
291	2.053333e+02	286.333333	88.666667
292	196	321.000000	88.000000
293	206	357.000000	88.000000
294	54	364.000000	88.000000
295	6.333333e+01	375.333333	88.000000
296	2.463333e+02	377.666667	88.333333
297	5.966667e+01	385.333333	88.333333
298	203	403.000000	88.000000
299	1.103333e+02	409.666667	88.333333
300	222	509.000000	88.000000
301	281	140.000000	89.000000
302	430	174.000000	89.000000
303	265	213.000000	89.000000
304	309	225.000000	89.000000
305	241	252.000000	89.000000
306	1.583333e+02	255.333333	89.333333
307	9.966667e+01	273.333333	89.666667
308	1.835000e+02	321.250000	90.000000
309	284	345.000000	89.000000
310	2.843333e+02	384.666667	89.000000
311	3.566667e+02	383.666667	89.666667
312	221	389.000000	89.000000
313	3.493333e+02	389.333333	89.666667
314	1.956667e+02	394.666667	89.333333
315	255	397.000000	89.000000
316	1.443333e+02	457.333333	89.666667
317	260	487.000000	89.000000
318	431	131.000000	90.000000
319	2.756667e+02	147.666667	90.333333
320	284	189.000000	90.000000
321	191	217.000000	90.000000
322	302	250.000000	90.000000
323	277	260.333333	90.333333
324	350	341.000000	90.000000
325	298	354.000000	90.000000
326	245	430.000000	90.000000
327	2.506667e+02	451.666667	90.333333
328	519	168.000000	91.000000
329	233	178.000000	91.000000
330	227	184.000000	91.000000
331	1.853333e+02	212.333333	91.333333
332	4.623333e+02	229.333333	91.333333
333	370	260.000000	91.000000
334	2.613333e+02	342.666667	91.666667
335	197	386.000000	91.000000
336	102	418.000000	91.000000
337	241	440.000000	91.000000
338	2.623333e+02	523.333333	91.333333
339	4.396667e+02	223.666667	92.333333
340	379	236.000000	92.000000
341	2.506667e+02	256.000000	92.333333
342	416	293.333333	92.333333
343	1.693333e+02	298.333333	92.333333
344	3.543333e+02	359.000000	92.666667
345	3.623333e+02	159.333333	93.666667
346	1.446667e+02	194.666667	93.666667
347	109	287.000000	93.000000
348	2.393333e+02	306.000000	93.333333
349	283	317.000000	93.000000
350	2.546667e+02	319.666667	93.666667
351	278	392.000000	93.000000
352	2.726667e+02	483.666667	93.333333
353	536	127.000000	94.000000
354	3.706667e+02	213.000000	94.666667
355	407	247.000000	94.000000
356	2.496667e+02	306.333333	94.666667
357	2.053333e+02	309.666667	94.333333
358	2.933333e+02	347.333333	94.333333
359	76	369.000000	94.000000
360	3.406667e+02	401.333333	94.000000
361	338	186.000000	95.000000
362	156	379.000000	95.000000
363	282	445.000000	95.000000
364	416	196.000000	96.000000
365	2.043333e+02	221.333333	96.333333
366	154	261.000000	96.000000
367	146	303.000000	96.000000
368	1.603333e+02	447.333333	96.333333
369	1.796667e+02	489.666667	96.666667
370	3.533333e+02	317.666667	97.333333
371	1.146667e+02	349.666667	97.666667
372	2.383333e+02	422.666667	97.333333
373	278	151.000000	98.000000
374	421	164.000000	98.000000
375	2.906667e+02	291.333333	98.666667
376	258	300.000000	98.000000
377	189	420.666667	98.333333
378	1.706667e+02	480.666667	98.666667
379	292	195.000000	99.000000
380	270	196.000000	99.000000
381	4.076667e+02	208.333333	99.333333
382	229	256.000000	99.000000
383	299	258.000000	99.000000
384	223	264.000000	99.000000
385	1.196667e+02	369.666667	99.666667
386	167	404.000000	99.000000
387	152	431.000000	99.000000
388	1.986667e+02	233.333333	100.333333
389	257	342.000000	100.000000
390	275	488.000000	100.000000
391	506	173.000000	101.000000
392	181	177.000000	101.000000
393	3.446667e+02	203.666667	101.333333
394	3.086667e+02	284.333333	101.333333
395	295	315.000000	101.000000
396	103	420.000000	101.000000
397	293	424.666667	101.666667
398	102	435.000000	101.000000
399	223	507.000000	101.000000
400	191	143.000000	102.000000
401	373	159.000000	102.000000
402	369	267.333333	102.666667
403	297	285.000000	102.000000
404	389	340.000000	102.000000
405	111	341.000000	102.000000
406	337	344.000000	102.000000
407	1.616667e+02	397.666667	102.000000
408	199	490.000000	102.000000
409	388	131.000000	103.000000
410	384	166.000000	103.000000
411	269	185.333333	103.333333
412	337	196.000000	103.000000
413	375	201.000000	103.000000
414	142	207.000000	103.000000
415	376	208.000000	103.000000
416	152	230.000000	103.000000
417	124	253.000000	103.000000
418	2.183333e+02	314.333333	103.666667
419	1.196667e+02	330.333333	103.333333
420	3.126667e+02	336.000000	103.666667
421	2.466667e+02	344.333333	103.333333
422	105	418.000000	103.000000
423	385	196.000000	104.000000
424	265	212.666667	104.666667
425	120	223.000000	104.000000
426	1.493333e+02	400.666667	104.000000
427	2.523333e+02	400.333333	104.666667
428	255	462.000000	104.000000
429	3.753333e+02	130.666667	105.333333
430	257	262.000000	105.000000
431	244	283.000000	105.000000
432	343	320.000000	105.000000
433	176	444.000000	105.000000
434	2.076667e+02	445.333333	105.666667
435	463	113.000000	106.000000
436	490	137.000000	106.000000
437	225	195.000000	106.000000
438	134	226.000000	106.000000
439	337	229.000000	106.000000
440	1.373333e+02	232.666667	106.000000
441	413	254.000000	106.000000
442	347	257.000000	106.000000
443	7.066667e+01	288.666667	106.333333
444	39	343.000000	106.000000
445	110	438.000000	106.000000
446	2.756667e+02	439.000000	106.666667
447	235	468.000000	106.000000
448	269	156.000000	107.000000
449	3.203333e+02	197.333333	107.333333
450	4.223333e+02	197.333333	107.666667
451	430	200.000000	107.000000
452	1.123333e+02	251.000000	107.333333
453	428	255.000000	107.000000
454	258	264.000000	107.000000
455	4.493333e+02	264.333333	107.666667
456	122	358.333333	107.333333
457	267	392.000000	107.000000
458	155	439.000000	107.000000
459	2.295000e+02	518.500000	107.000000
460	3.156667e+02	146.333333	108.333333
461	4.646667e+02	158.666667	108.666667
462	2.123333e+02	180.666667	108.666667
463	1.953333e+02	185.333333	108.333333
464	297	248.000000	108.000000
465	4.176667e+02	251.666667	108.333333
466	2.536667e+02	281.666667	108.666667
467	2.963333e+02	334.666667	108.000000
468	2.926667e+02	436.000000	108.666667
469	252	445.000000	108.000000
470	238	528.000000	108.000000
471	488	197.000000	109.000000
472	1.393333e+02	247.666667	109.666667
473	332	316.000000	109.000000
474	2.953333e+02	321.333333	109.333333
475	9.666667e+01	340.333333	109.000000
476	1.816667e+02	354.666667	109.666667
477	165	384.000000	109.000000
478	193	420.000000	109.000000
479	7.633333e+01	434.666667	109.666667
480	1.483333e+02	257.666667	110.666667
481	388	302.000000	110.000000
482	323	405.000000	110.000000
483	314	430.000000	110.000000
484	1.523333e+02	510.333333	110.666667
485	489	141.000000	111.000000
486	462	152.000000	111.000000
487	385	221.000000	111.000000
488	350	292.000000	111.000000
489	207	312.000000	111.000000
490	2.653333e+02	337.666667	111.666667
491	145	353.000000	111.000000
492	1.446667e+02	392.666667	111.333333
493	316	398.000000	111.000000
494	199	429.000000	111.000000
495	2.976667e+02	438.333333	111.333333
496	243	466.000000	111.000000
497	184	488.000000	111.000000
498	4.986667e+02	175.000000	112.333333
499	3.316667e+02	201.000000	112.333333
500	235	217.000000	112.000000
501	291	274.000000	112.000000
502	412	314.000000	112.000000
503	260	320.000000	112.000000
504	3.426667e+02	332.666667	112.333333
505	2.356667e+02	359.333333	112.333333
506	291	374.000000	112.000000
507	2.676667e+02	388.666667	112.666667
508	499	97.000000	113.000000
509	2.083333e+02	172.666667	113.333333
510	105	215.000000	113.000000
511	2.883333e+02	243.666667	113.333333
512	1.103333e+02	409.000000	113.666667
513	191	482.000000	113.000000
514	4.576667e+02	185.333333	114.333333
515	1.936667e+02	197.666667	114.333333
516	1.833333e+02	267.333333	114.333333
517	4.666667e+01	315.333333	114.333333
518	50	323.000000	114.000000
519	394	349.000000	114.000000
520	263	378.000000	114.000000
521	2.086667e+02	434.333333	114.333333
522	80	445.000000	114.000000
523	550	57.000000	115.000000
524	522	80.000000	115.000000
525	194	146.000000	115.000000
526	357	260.000000	115.000000
527	444	265.000000	115.000000
528	375	281.000000	115.000000
529	160	300.000000	115.000000
530	2.016667e+02	302.666667	115.333333
531	203	324.000000	115.000000
532	2.183333e+02	361.333333	115.666667
533	583	24.000000	116.000000
534	5.186667e+02	94.666667	116.666667
535	373	135.000000	116.000000
536	2.593333e+02	138.333333	116.666667
537	489	193.000000	116.000000
538	239	224.000000	116.000000
539	342	233.000000	116.000000
540	216	332.000000	116.000000
541	158	442.333333	116.333333
542	197	149.000000	117.000000
543	375	155.000000	117.000000
544	4.883333e+02	179.333333	117.666667
545	401	229.000000	117.000000
546	4.173333e+02	240.666667	117.333333
547	49	334.000000	117.000000
548	228	361.000000	117.000000
549	9.366667e+01	393.666667	117.333333
550	1.003333e+02	412.666667	117.333333
551	295	447.000000	117.000000
552	175	494.000000	117.000000
553	508	98.000000	118.000000
554	412	111.000000	118.000000
555	2.653333e+02	188.333333	118.333333
556	413	193.000000	118.000000
557	457	197.000000	118.000000
558	255	240.000000	118.000000
559	322	264.000000	118.000000
560	88	268.333333	118.666667
561	7.733333e+01	287.333333	118.666667
562	163	325.000000	118.000000
563	1.806667e+02	359.666667	118.666667
564	130	362.000000	118.000000
565	9.166667e+01	367.666667	118.666667
566	3.696667e+02	375.666667	118.666667
567	168	506.000000	118.000000
568	459	151.000000	119.000000
569	203	161.000000	119.000000
570	379	163.000000	119.000000
571	3.566667e+02	346.666667	119.666667
572	246	466.000000	119.000000
573	2.606667e+02	197.666667	120.666667
574	351	228.000000	120.000000
575	381	228.000000	120.000000
576	374	236.000000	120.000000
577	155	275.000000	120.000000
578	295	317.000000	120.000000
579	190	412.000000	120.000000
580	8.133333e+01	422.333333	120.666667
581	303	455.000000	120.000000
582	319	112.000000	121.000000
583	3.166667e+02	142.666667	121.666667
584	444	153.000000	121.000000
585	5.033333e+02	170.000000	121.666667
586	317	270.000000	121.000000
587	355	297.000000	121.000000
588	1.946667e+02	301.000000	121.333333
589	400	310.000000	121.000000
590	4.213333e+02	312.666667	121.333333
591	1.566667e+02	318.333333	121.333333
592	379	332.000000	121.000000
593	3.173333e+02	343.000000	121.333333
594	186	439.000000	121.000000
595	128	477.000000	121.000000
596	2.123333e+02	488.333333	121.666667
597	465	115.000000	122.000000
598	500	140.000000	122.000000
599	4.703333e+02	226.666667	122.666667
600	1.723333e+02	251.333333	122.666667
601	4.483333e+02	253.333333	122.333333
602	3.603333e+02	309.666667	122.333333
603	3.453333e+02	339.666667	122.666667
604	138	352.000000	122.000000
605	349	387.000000	122.000000
606	126	453.000000	122.000000
607	370	125.000000	123.000000
608	256	133.000000	123.000000
609	385	172.000000	123.000000
610	329	173.000000	123.000000
611	268	182.000000	123.000000
612	308	221.000000	123.000000
613	225	237.333333	123.333333
614	226	248.000000	123.000000
615	179	265.000000	123.000000
616	2.706667e+02	345.333333	123.666667
617	7.766667e+01	357.333333	123.333333
618	168	364.000000	123.000000
619	238	390.000000	123.000000
620	306	393.000000	123.000000
621	217	433.000000	123.000000
622	2.006667e+02	470.666667	123.333333
623	493	144.000000	124.000000
624	344	166.000000	124.000000
625	84	283.000000	124.000000
626	2.433333e+02	320.666667	124.666667
627	200	374.000000	124.000000
628	301	382.000000	124.000000
629	1.316667e+02	396.666667	124.333333
630	3.303333e+02	185.333333	125.333333
631	456	199.000000	125.000000
632	361	259.000000	125.000000
633	3.856667e+02	344.000000	126.500000
634	293	381.000000	125.000000
635	68	384.000000	125.000000
636	1.353333e+02	411.666667	125.666667
637	184	136.000000	126.000000
638	3.496667e+02	166.666667	126.666667
639	209	180.000000	126.000000
640	312	231.000000	126.000000
641	4.383333e+02	268.333333	126.666667
642	234	301.000000	126.000000
643	1.475000e+02	315.750000	126.750000
644	357	382.000000	126.000000
645	98	403.000000	126.000000
646	361	113.000000	127.000000
647	3.906000e+02	160.000000	128.000000
648	492	199.000000	127.000000
649	2.216667e+02	230.333333	127.000000
650	177	269.333333	127.333333
651	266	269.000000	127.000000
652	1.623333e+02	282.333333	127.333333
653	354	294.000000	127.000000
654	317	368.000000	127.000000
655	49	421.000000	127.000000
656	131	467.000000	127.000000
657	5.683333e+02	31.666667	128.000000
658	5.535000e+02	49.500000	128.500000
659	466	134.333333	128.333333
660	5.113333e+02	145.333333	128.333333
661	324	152.000000	128.000000
662	336	203.000000	128.000000
663	4.356667e+02	281.666667	128.333333
664	1.106667e+02	295.333333	128.666667
665	280	341.000000	128.000000
666	232	368.000000	128.000000
667	4.643333e+02	148.666667	129.666667
668	3.983333e+02	251.666667	129.333333
669	307	271.000000	129.000000
670	141	274.000000	129.000000
671	400	310.000000	129.000000
672	1.376667e+02	348.000000	129.666667
673	230	380.000000	129.000000
674	178	481.000000	129.000000
675	467	233.000000	130.000000
676	3.346667e+02	236.666667	130.333333
677	284	294.000000	130.000000
678	338	341.000000	130.000000
679	188	365.000000	130.000000
680	217	396.000000	130.000000
681	281	466.000000	130.000000
682	2.836667e+02	466.666667	130.333333
683	470	102.000000	131.000000
684	4.123333e+02	107.666667	131.666667
685	312	116.000000	131.000000
686	1.346667e+02	170.666667	131.333333
687	53	257.000000	131.000000
688	139	276.000000	131.000000
689	1.013333e+02	295.666667	131.333333
690	2.586667e+02	321.666667	131.000000
691	61	348.000000	131.000000
692	189	368.000000	131.000000
693	3.036667e+02	400.333333	131.666667
694	1.366667e+02	416.333333	131.666667
695	223	440.000000	131.000000
696	2.153333e+02	159.000000	132.333333
697	400	291.000000	132.000000
698	1.696667e+02	297.666667	132.666667
699	123	373.000000	132.000000
700	500	114.000000	133.000000
701	308	240.000000	133.000000
702	229	295.000000	133.000000
703	394	299.000000	133.000000
704	137	375.000000	133.000000
705	249	395.000000	133.000000
706	272	472.000000	133.000000
707	263	135.000000	134.000000
708	2.293333e+02	283.333333	134.333333
709	8.833333e+01	285.333333	134.333333
710	6.633333e+01	369.333333	134.333333
711	63	374.000000	134.000000
712	219	390.000000	134.000000
713	186	391.000000	134.000000
714	373	127.000000	135.000000
715	308	179.000000	135.000000
716	355	262.000000	135.000000
717	344	289.000000	135.000000
718	9.566667e+01	345.666667	135.666667
719	62	419.000000	135.000000
720	465	194.000000	136.000000
721	3.933333e+02	349.666667	136.666667
722	100	404.000000	136.000000
723	259	418.000000	136.000000
724	1.263333e+02	423.333333	136.666667
725	199	435.000000	136.000000
726	4.183333e+02	75.333333	137.666667
727	507	96.000000	137.000000
728	415	98.666667	137.333333
729	297	173.000000	137.000000
730	3.206667e+02	180.000000	137.333333
731	182	275.000000	137.000000
732	251	362.666667	137.666667
733	1.553333e+02	384.666667	137.666667
734	225	408.000000	137.000000
735	235	508.000000	137.000000
736	359	97.000000	138.000000
737	4.066667e+02	161.333333	138.666667
738	91	188.000000	138.000000
739	160	215.000000	138.000000
740	374	291.000000	138.000000
741	357	379.000000	138.000000
742	4.636667e+02	128.333333	139.666667
743	1.853333e+02	137.666667	139.666667
744	464	234.000000	139.000000
745	137	279.000000	139.000000
746	230	320.000000	139.000000
747	49	378.000000	139.000000
748	154	414.000000	139.750000
749	123	432.000000	139.000000
750	164	459.000000	139.000000
751	4.793333e+02	155.666667	140.666667
752	1.246667e+02	230.666667	140.333333
753	307	279.000000	140.000000
754	195	355.000000	140.000000
755	2.423333e+02	367.333333	140.333333
756	265	463.000000	140.000000
757	5.363333e+02	61.333333	141.000000
758	351	75.000000	141.000000
759	1.276667e+02	173.333333	141.666667
760	261	245.000000	141.000000
761	303	292.000000	141.000000
762	1.876667e+02	344.666667	141.333333
763	102	350.000000	141.000000
764	1.403333e+02	456.666667	141.333333
765	2.246667e+02	497.666667	141.000000
766	519	86.000000	142.000000
767	3.016667e+02	103.666667	142.666667
768	322	146.000000	142.000000
769	4.663333e+02	172.333333	142.666667
770	436	180.000000	142.000000
771	341	229.000000	142.000000
772	4.366667e+02	236.333333	142.666667
773	54	263.000000	142.000000
774	3.183333e+02	306.000000	142.666667
775	215	335.000000	142.000000
776	112	365.000000	142.000000
777	76	449.000000	142.000000
778	211	501.000000	142.000000
779	398	155.000000	143.000000
780	3.663333e+02	229.333333	143.666667
781	313	364.000000	143.000000
782	331	409.000000	143.000000
783	109	472.000000	143.000000
784	210	258.000000	144.000000
785	172	453.000000	144.000000
786	4.963333e+02	79.666667	145.666667
787	289	166.000000	145.000000
788	228	307.000000	145.000000
789	155	463.333333	145.666667
790	229	483.000000	145.000000
791	186	512.000000	145.000000
792	525	46.000000	146.000000
793	516	52.000000	146.000000
794	5.173333e+02	185.333333	146.666667
795	416	256.000000	146.000000
796	2.246667e+02	333.666667	146.666667
797	3.656667e+02	379.666667	146.666667
798	296	428.000000	146.000000
799	1.506667e+02	448.333333	146.666667
800	1.286667e+02	467.333333	146.666667
801	485	58.000000	147.000000
802	3.916667e+02	191.333333	147.333333
803	4.526667e+02	198.333333	147.666667
804	206	202.000000	147.000000
805	158	208.666667	147.666667
806	283	215.000000	147.000000
807	108	345.000000	147.000000
808	3.293333e+02	377.666667	147.666667
809	262	414.000000	147.000000
810	104	473.000000	147.000000
811	151	485.000000	147.000000
812	101	181.000000	148.000000
813	229	205.000000	148.000000
814	2.173333e+02	210.333333	148.000000
815	4.733333e+02	228.666667	148.000000
816	4.453333e+02	235.666667	148.333333
817	4.513333e+02	241.333333	148.666667
818	256	249.000000	148.000000
819	91	253.000000	148.000000
820	308	275.000000	148.000000
821	2.043333e+02	361.333333	148.666667
822	2.396667e+02	371.666667	148.666667
823	2.486667e+02	444.000000	148.666667
824	1.013333e+02	471.666667	148.666667
825	1.903333e+02	508.666667	148.333333
826	5.263333e+02	94.333333	149.000000
827	1.163333e+02	188.333333	149.666667
828	366	189.000000	149.000000
829	4.250000e+01	270.750000	149.500000
830	276	299.000000	149.000000
831	309	305.000000	149.000000
832	392	316.000000	149.000000
833	216	122.000000	150.000000
834	3.966667e+02	144.333333	150.666667
835	290	217.000000	150.000000
836	391	234.000000	150.000000
837	1.006667e+02	253.000000	150.333333
838	355	331.666667	150.333333
839	3.263333e+02	407.666667	150.666667
840	270	446.000000	150.000000
841	2.616667e+02	472.333333	150.666667
842	204	510.000000	150.000000
843	485	66.000000	151.000000
844	136	219.000000	151.000000
845	124	227.000000	151.000000
846	215	238.000000	151.000000
847	2.873333e+02	408.333333	151.666667
848	53	414.000000	151.000000
849	150	230.000000	152.000000
850	1.993333e+02	233.333333	152.666667
851	432	267.000000	152.000000
852	94	279.000000	152.000000
853	40	325.000000	152.000000
854	3.086667e+02	324.666667	152.666667
855	377	336.000000	152.000000
856	342	377.000000	152.000000
857	366	387.000000	152.000000
858	8.825000e+01	458.000000	153.000000
859	4.916667e+02	89.666667	153.666667
860	444	166.000000	153.000000
861	509	181.000000	153.000000
862	441	183.000000	153.000000
863	445	205.000000	153.000000
864	8.166667e+01	263.333333	153.000000
865	2.506667e+02	262.666667	153.333333
866	120	298.000000	153.000000
867	418	324.000000	153.000000
868	137	332.000000	153.000000
869	240	337.000000	153.000000
870	181	385.000000	153.000000
871	292	419.000000	153.000000
872	203	461.000000	153.000000
873	203	127.000000	154.000000
874	4.086667e+02	139.666667	154.333333
875	1.203333e+02	201.333333	154.333333
876	2.363333e+02	214.666667	154.000000
877	3.786667e+02	215.333333	154.666667
878	4.466667e+01	219.000000	154.333333
879	7.633333e+01	259.666667	154.666667
880	4.143333e+02	263.333333	154.333333
881	4.223333e+02	272.333333	154.666667
882	257	273.000000	154.000000
883	2.323333e+02	307.000000	154.666667
884	233	339.000000	154.000000
885	49	340.000000	154.000000
886	3.873333e+02	139.666667	155.666667
887	443	145.000000	155.000000
888	375	185.000000	155.000000
889	156	215.333333	155.333333
890	219	251.000000	155.000000
891	308	312.666667	155.333333
892	303	354.000000	155.000000
893	2.766667e+02	431.333333	155.333333
894	197	459.000000	155.000000
895	4.903333e+02	205.333333	156.666667
896	2.966667e+02	225.333333	156.333333
897	255	239.000000	156.000000
898	171	260.000000	156.000000
899	42	317.000000	156.000000
900	8.733333e+01	378.666667	156.333333
901	93	379.000000	156.000000
902	2.593333e+02	446.333333	156.333333
903	4.613333e+02	158.333333	157.666667
904	381	192.000000	157.000000
905	323	204.000000	157.000000
906	8.433333e+01	308.666667	157.333333
907	341	359.000000	157.000000
908	194	389.000000	157.000000
909	442	156.666667	158.333333
910	383	228.000000	158.000000
911	3.043333e+02	257.333333	158.333333
912	3.793333e+02	317.333333	158.666667
913	142	371.000000	158.000000
914	492	95.000000	159.000000
915	416	284.000000	159.000000
916	129	481.000000	159.000000
917	5.026667e+02	187.666667	160.333333
918	382	198.000000	160.000000
919	414	214.000000	160.000000
920	1.146667e+02	228.333333	160.666667
921	400	315.000000	160.000000
922	407	324.000000	160.000000
923	357	336.000000	160.000000
924	512	146.000000	161.000000
925	248	242.000000	161.000000
926	345	251.000000	161.000000
927	4.416667e+02	255.666667	161.666667
928	32	267.000000	161.000000
929	90	309.000000	161.000000
930	131	329.000000	161.000000
931	325	394.000000	161.000000
932	325	416.000000	161.000000
933	1.923333e+02	420.333333	161.666667
934	101	484.000000	161.000000
935	3.366667e+02	192.666667	162.333333
936	331	204.000000	162.000000
937	435	224.000000	162.000000
938	9.666667e+01	317.333333	162.333333
939	179	330.000000	162.000000
940	344	368.000000	162.000000
941	1.453333e+02	381.333333	162.000000
942	9.933333e+01	382.333333	162.333333
943	1.936667e+02	232.666667	163.666667
944	403	263.000000	163.000000
945	220	269.000000	163.000000
946	454	272.000000	163.000000
947	3.676667e+02	341.666667	163.333333
948	1.656667e+02	375.000000	163.333333
949	259	399.000000	163.000000
950	527	152.000000	164.000000
951	3.326667e+02	239.666667	164.666667
952	308	242.000000	164.000000
953	129	392.000000	164.000000
954	112	420.333333	164.333333
955	1.986667e+02	420.333333	164.000000
956	2.876667e+02	426.333333	164.333333
957	420	207.000000	165.000000
958	6.066667e+01	232.666667	165.666667
959	3.783333e+02	236.333333	165.666667
960	454	262.000000	165.000000
961	373	291.000000	165.000000
962	398	305.333333	165.333333
963	141	388.000000	165.000000
964	55	418.000000	165.000000
965	144	438.000000	165.000000
966	258	446.666667	165.666667
967	1.903333e+02	456.666667	165.666667
968	490	197.000000	166.000000
969	155	211.000000	166.000000
970	4.343333e+02	262.333333	166.666667
971	2.166667e+02	277.333333	166.666667
972	103	294.000000	166.000000
973	402	335.000000	166.000000
974	134	342.000000	166.000000
975	386	357.000000	166.000000
976	490	150.666667	167.333333
977	419	186.333333	167.666667
978	301	250.000000	167.000000
979	460	255.000000	167.000000
980	3.036667e+02	310.666667	167.666667
981	1.266667e+02	319.666667	167.333333
982	2.166667e+02	411.333333	167.000000
983	446	119.000000	168.000000
984	541	123.000000	168.000000
985	5.193333e+02	149.000000	168.333333
986	421	196.000000	168.000000
987	335	219.000000	168.000000
988	296	220.000000	168.000000
989	47	221.000000	168.000000
990	1.966667e+02	443.666667	168.333333
991	370	162.000000	169.000000
992	530	165.000000	169.000000
993	464	210.000000	169.000000
994	196	328.000000	169.000000
995	120	346.000000	169.000000
996	187	357.000000	169.000000
997	183	463.000000	169.000000
998	387	196.000000	170.000000
999	156	253.000000	170.000000
1000	9.366667e+01	296.333333	170.666667
1001	306	384.000000	170.000000
1002	218	465.000000	170.000000
1003	536	128.000000	171.000000
1004	438	157.333333	171.666667
1005	4.673333e+02	197.666667	171.000000
1006	1.476667e+02	275.666667	171.666667
1007	280	331.000000	171.000000
1008	384	356.000000	171.000000
1009	1.746667e+02	367.666667	171.666667
1010	148	396.000000	171.000000
1011	5.073333e+02	187.000000	172.666667
1012	3.563333e+02	271.333333	172.666667
1013	489	90.000000	173.000000
1014	466	188.000000	173.000000
1015	321	245.000000	173.000000
1016	148	255.000000	173.000000
1017	179	359.000000	173.000000
1018	319	388.000000	173.000000
1019	106	194.000000	174.000000
1020	4.333333e+02	198.666667	174.666667
1021	45	349.000000	174.000000
1022	171	351.000000	174.000000
1023	535	81.000000	175.000000
1024	135	251.000000	175.000000
1025	291	252.000000	175.000000
1026	281	257.000000	175.000000
1027	2.303333e+02	277.333333	175.666667
1028	258	290.000000	175.000000
1029	376	347.000000	175.000000
1030	3.443333e+02	368.000000	175.666667
1031	1.636667e+02	424.333333	175.666667
1032	4.856667e+02	154.333333	176.333333
1033	106	284.000000	176.000000
1034	179	471.000000	176.000000
1035	35	211.000000	177.000000
1036	345	217.000000	177.000000
1037	434	301.000000	177.000000
1038	109	416.000000	177.000000
1039	202	447.000000	177.000000
1040	1.706667e+02	489.333333	177.666667
1041	1.196667e+02	285.333333	178.000000
1042	1.273333e+02	352.333333	178.000000
1043	301	418.000000	178.000000
1044	1.386667e+02	439.333333	178.333333
1045	522	135.000000	179.000000
1046	4.606667e+02	184.000000	179.333333
1047	478	203.000000	179.000000
1048	368	301.000000	179.000000
1049	311	317.000000	179.000000
1050	1.783333e+02	374.666667	179.333333
1051	3.526667e+02	374.666667	179.666667
1052	307	411.000000	179.000000
1053	101	275.333333	180.333333
1054	2.136667e+02	305.666667	180.666667
1055	4.156667e+02	309.333333	180.666667
1056	1.433333e+02	424.333333	180.000000
1057	2.166667e+02	468.333333	180.666667
1058	97	194.000000	181.000000
1059	355	206.000000	181.000000
1060	158	307.000000	181.000000
1061	9.933333e+01	412.333333	181.333333
1062	3.456667e+02	227.666667	182.333333
1063	3.206667e+02	285.333333	182.666667
1064	3.323333e+02	359.333333	182.333333
1065	3.263333e+02	386.666667	182.666667
1066	2.323333e+02	393.333333	182.666667
1067	91	422.000000	182.000000
1068	5.166667e+02	140.333333	183.333333
1069	510	151.000000	183.000000
1070	470	242.000000	183.000000
1071	164	247.000000	183.000000
1072	2.476667e+02	289.333333	183.333333
1073	158	326.000000	183.000000
1074	374	342.000000	183.000000
1075	131	420.000000	183.000000
1076	1.306667e+02	449.333333	183.666667
1077	527	120.000000	184.000000
1078	4.936667e+02	221.333333	184.666667
1079	6.333333e+01	231.666667	184.666667
1080	2.256667e+02	268.666667	184.666667
1081	7.066667e+01	295.333333	184.666667
1082	426	307.000000	184.000000
1083	220	478.000000	184.000000
1084	538	83.000000	185.000000
1085	490	156.000000	185.000000
1086	421	270.000000	185.000000
1087	405	336.000000	185.000000
1088	91	350.000000	185.000000
1089	330	390.000000	185.000000
1090	211	426.000000	185.000000
1091	4.096667e+02	213.333333	186.333333
1092	1.236667e+02	244.666667	186.333333
1093	65	292.000000	186.000000
1094	156	315.333333	186.333333
1095	2.046667e+02	432.666667	186.333333
1096	535	99.000000	187.000000
1097	4.943333e+02	172.333333	187.000000
1098	235	262.000000	187.000000
1099	2.213333e+02	313.666667	187.333333
1100	282	436.000000	187.000000
1101	212	454.000000	187.000000
1102	491	134.000000	188.000000
1103	159	241.000000	188.000000
1104	8.233333e+01	347.666667	188.333333
1105	2.566667e+01	178.333333	189.000000
1106	73	223.000000	189.000000
1107	4.743333e+02	247.666667	189.666667
1108	217	269.000000	189.000000
1109	298	422.000000	189.000000
1110	216	482.000000	189.000000
1111	383	219.000000	190.000000
1112	3.136667e+02	280.666667	190.333333
1113	9.666667e+01	344.666667	190.333333
1114	272	433.000000	190.000000
1115	491	146.000000	191.000000
1116	488	188.000000	191.000000
1117	320	270.000000	191.000000
1118	7.733333e+01	307.666667	191.000000
1119	160	411.000000	191.000000
1120	1.694000e+02	424.000000	192.000000
1121	484	127.000000	192.000000
1122	22	175.000000	192.000000
1123	4.276667e+02	312.333333	192.333333
1124	131	399.000000	192.000000
1125	1.863333e+02	400.666667	192.666667
1126	237	446.000000	192.000000
1127	5.243333e+02	180.666667	193.666667
1128	474	208.000000	193.000000
1129	485	250.000000	193.000000
1130	518	117.000000	194.000000
1131	21	175.000000	194.000000
1132	4.946667e+02	216.333333	194.666667
1133	3.863333e+02	228.666667	194.333333
1134	4.566667e+02	277.333333	194.666667
1135	5.633333e+01	290.666667	194.666667
1136	131	408.000000	194.000000
1137	342	260.000000	195.000000
1138	163	439.000000	195.000000
1139	5.246667e+02	156.333333	196.000000
1140	185	286.000000	196.000000
1141	3.583333e+02	309.666667	196.666667
1142	1.536667e+02	316.000000	196.666667
1143	226	323.000000	196.000000
1144	418	325.000000	196.000000
1145	408	338.000000	196.000000
1146	414	211.000000	197.000000
1147	468	257.000000	197.000000
1148	256	295.000000	197.000000
1149	7.633333e+01	356.666667	197.666667
1150	5.206667e+02	171.333333	198.333333
1151	5.063333e+02	204.333333	198.666667
1152	5.026667e+02	213.666667	198.666667
1153	465	226.000000	198.000000
1154	380	239.000000	198.000000
1155	2.273333e+02	447.333333	198.333333
1156	546	68.000000	199.000000
1157	4.176667e+02	190.333333	199.333333
1158	325	274.000000	199.000000
1159	302	284.000000	199.000000
1160	177	288.000000	199.000000
1161	138	310.000000	199.000000
1162	1.773333e+02	324.666667	199.666667
1163	293	358.000000	199.000000
1164	180	405.000000	199.000000
1165	295	410.000000	199.000000
1166	179	417.000000	199.000000
1167	560	65.000000	200.000000
1168	422	182.666667	200.333333
1169	446	252.000000	200.000000
1170	129	306.000000	200.000000
1171	204	318.000000	200.000000
1172	4.453333e+02	318.333333	200.333333
1173	219	321.000000	200.000000
1174	4.993333e+02	179.333333	201.666667
1175	418	202.000000	201.000000
1176	419	323.000000	201.000000
1177	161	341.000000	201.000000
1178	1.376667e+02	355.666667	201.333333
1179	342	266.000000	202.000000
1180	2.523333e+02	299.000000	202.666667
1181	438	310.000000	202.000000
1182	406	345.000000	202.000000
1183	532	95.000000	203.000000
1184	4.396667e+02	222.000000	203.333333
1185	2.373333e+02	339.666667	203.333333
1186	142	346.000000	203.000000
1187	262	386.000000	203.000000
1188	431	271.000000	204.000000
1189	104	316.000000	204.000000
1190	4.836667e+02	220.000000	205.666667
1191	4.106667e+02	225.333333	205.333333
1192	3.336667e+02	274.666667	205.666667
1193	1.813333e+02	299.000000	205.333333
1194	1.966667e+02	308.333333	205.333333
1195	5.343333e+02	62.666667	206.333333
1196	510	172.000000	206.000000
1197	408	293.000000	206.000000
1198	2.433333e+02	299.000000	206.333333
1199	168	370.000000	206.000000
1200	438	304.000000	207.000000
1201	189	423.000000	207.000000
1202	193	362.000000	208.000000
1203	2.203333e+02	438.666667	208.666667
1204	463	252.000000	209.000000
1205	489	269.000000	211.000000
1206	1.723333e+02	359.333333	211.666667
1207	540	99.000000	212.000000
1208	4.533333e+02	209.666667	212.333333
1209	455	200.000000	213.000000
1210	4.486667e+02	221.666667	213.666667
1211	416	321.000000	213.000000
1212	166	352.000000	213.000000
1213	4.506667e+02	193.333333	214.333333
1214	4.193333e+02	235.666667	214.666667
1215	408	255.000000	214.000000
1216	170	302.000000	214.000000
1217	435	253.000000	215.000000
1218	1.846667e+02	357.666667	215.333333
1219	336	284.000000	216.000000
1220	393	307.000000	216.000000
1221	478	170.000000	217.000000
1222	4.886667e+02	172.000000	217.666667
1223	4.486667e+02	231.333333	217.333333
1224	144	312.000000	217.000000
1225	482	270.000000	218.000000
1226	433	251.000000	219.000000
1227	201	314.000000	219.000000
1228	476	277.000000	220.000000
1229	492	172.000000	222.000000
1230	4.056667e+02	252.666667	222.666667
1231	325	302.000000	222.000000
1232	2.106667e+02	316.666667	222.000000
1233	190	350.000000	222.000000
1234	1.616667e+02	346.666667	223.666667
1235	4.116667e+02	245.333333	224.666667
1236	4.423333e+02	284.666667	225.333333
1237	3.296667e+02	294.333333	225.333333
1238	1.913333e+02	316.666667	225.666667
1239	524	166.000000	226.000000
1240	514	212.000000	226.000000
1241	398	258.000000	226.000000
1242	455	316.000000	226.000000
1243	543	98.000000	227.000000
1244	485	256.000000	227.000000
1245	218	322.000000	227.000000
1246	406	337.000000	227.000000
1247	529	188.000000	228.000000
1248	4.533333e+02	235.000000	228.666667
1249	4.536667e+02	313.666667	228.333333
1250	415	341.000000	228.000000
1251	4.985000e+02	213.500000	229.500000
1252	462	236.000000	229.000000
1253	5.326667e+02	145.666667	230.666667
1254	353	343.000000	230.000000
1255	529	150.000000	231.000000
1256	4.376667e+02	335.666667	231.333333
1257	456	325.000000	232.000000
1258	291	370.500000	232.500000
1259	507	215.000000	233.000000
1260	417	243.000000	233.000000
1261	4.673333e+02	332.333333	234.666667
1262	4.873333e+02	211.333333	235.333333
1263	4.476667e+02	238.333333	235.666667
1264	4.233333e+02	340.666667	236.333333
1265	527	179.000000	237.000000
1266	4.346667e+02	273.666667	237.666667
1267	446	287.000000	238.000000
1268	490	261.000000	239.000000
1269	4.136667e+02	288.333333	240.666667
1270	4.213333e+02	281.333333	241.000000
1271	447	334.000000	241.000000
1272	496	251.000000	245.000000
1273	4.066667e+02	292.666667	245.333333
1274	542	132.000000	246.000000
1275	528	180.000000	247.000000
1276	496	249.000000	247.000000
1277	485	270.000000	248.000000
1278	418	342.000000	248.000000
1279	456	289.333333	251.666667
1280	409	301.000000	252.000000
1281	316	379.250000	252.000000
1282	458	292.000000	253.000000
1283	449	337.333333	253.666667
1284	4.146667e+02	346.000000	253.333333
1285	452	344.000000	256.000000
1286	534	187.000000	264.000000
1287	532	195.000000	268.000000
1288	482	242.000000	10.000000
1289	347	464.000000	10.000000
1290	348	471.000000	12.000000
1291	301	473.000000	13.000000
1292	502	194.000000	16.000000
1293	452	253.000000	16.000000
1294	346	476.000000	17.000000
1295	415	304.000000	18.000000
1296	298	360.000000	20.000000
1297	283	484.000000	20.000000
1298	388	337.000000	21.000000
1299	355	371.000000	21.000000
1300	291	446.000000	21.000000
1301	455	323.000000	22.000000
1302	314	384.000000	22.000000
1303	370	441.000000	22.000000
1304	382	313.000000	23.000000
1305	397	388.000000	23.000000
1306	349	471.000000	23.000000
1307	416	236.000000	24.000000
1308	261	370.000000	24.000000
1309	334	385.000000	24.000000
1310	223	394.000000	24.000000
1311	307	408.000000	24.000000
1312	332	422.000000	24.000000
1313	269	463.000000	24.000000
1314	437	337.000000	25.000000
1315	352	345.000000	25.000000
1316	383	353.000000	26.000000
1317	258	397.000000	26.000000
1318	257	428.000000	26.000000
1319	451	280.000000	27.000000
1320	358	291.000000	27.000000
1321	292	303.000000	27.000000
1322	226	439.000000	28.000000
1323	347	444.000000	28.000000
1324	350	318.000000	29.000000
1325	257	336.000000	29.000000
1326	247	397.000000	29.000000
1327	238	325.000000	30.000000
1328	360	391.000000	30.000000
1329	318	248.000000	31.000000
1330	284	331.000000	31.000000
1331	287	411.000000	31.000000
1332	424	263.000000	32.000000
1333	231	362.000000	32.000000
1334	270	513.000000	32.000000
1335	311	244.000000	33.000000
1336	321	283.000000	33.000000
1337	178	399.000000	33.000000
1338	240	462.000000	33.000000
1339	252	492.000000	33.000000
1340	354	255.000000	34.000000
1341	375	276.000000	34.000000
1342	317	328.000000	34.000000
1343	401	412.000000	34.000000
1344	366	353.000000	35.000000
1345	219	369.000000	35.000000
1346	185	440.000000	35.000000
1347	143	443.000000	35.000000
1348	213	489.000000	35.000000
1349	297	277.000000	36.000000
1350	312	362.000000	36.000000
1351	175	389.000000	36.000000
1352	210	421.000000	36.000000
1353	158	422.000000	36.000000
1354	334	269.000000	37.000000
1355	259	334.000000	37.000000
1356	275	293.000000	38.000000
1357	219	342.000000	38.000000
1358	386	242.000000	39.000000
1359	285	382.000000	39.000000
1360	112	430.000000	39.000000
1361	448	213.000000	40.000000
1362	406	277.000000	40.000000
1363	150	393.000000	40.000000
1364	417	201.000000	41.000000
1365	217	306.000000	41.000000
1366	111	391.000000	41.000000
1367	269	456.000000	41.000000
1368	295	221.000000	42.000000
1369	254	266.000000	42.000000
1370	179	315.000000	42.000000
1371	73	374.000000	42.000000
1372	196	469.000000	42.000000
1373	185	495.000000	42.000000
1374	238	292.000000	43.000000
1375	177	363.000000	43.000000
1376	487	142.000000	44.000000
1377	371	205.000000	44.000000
1378	83	397.000000	44.000000
1379	309	509.000000	44.000000
1380	119	463.000000	45.000000
1381	233	512.000000	45.000000
1382	474	170.000000	46.000000
1383	305	310.000000	46.000000
1384	162	333.000000	46.000000
1385	94	433.000000	46.000000
1386	161	483.000000	46.000000
1387	333	167.000000	47.000000
1388	311	197.000000	47.000000
1389	314	360.000000	47.000000
1390	304	381.000000	47.000000
1391	329	418.000000	47.000000
1392	343	196.000000	49.000000
1393	262	264.000000	49.000000
1394	337	275.000000	49.000000
1395	149	366.000000	49.000000
1396	217	374.000000	49.000000
1397	265	227.000000	50.000000
1398	370	302.000000	50.000000
1399	197	385.000000	50.000000
1400	277	438.000000	50.000000
1401	345	435.000000	51.000000
1402	262	533.000000	51.000000
1403	340	256.000000	52.000000
1404	219	269.000000	52.000000
1405	332	460.000000	52.000000
1406	444	186.000000	53.000000
1407	234	443.000000	53.000000
1408	251	265.000000	54.000000
1409	200	333.000000	54.000000
1410	418	345.000000	54.000000
1411	107	363.000000	54.000000
1412	249	376.000000	54.000000
1413	343	377.000000	54.000000
1414	399	378.000000	54.000000
1415	250	418.000000	54.000000
1416	330	207.000000	55.000000
1417	333	225.000000	55.000000
1418	376	232.000000	55.000000
1419	301	237.000000	55.000000
1420	433	255.000000	55.000000
1421	394	206.000000	56.000000
1422	248	210.000000	56.000000
1423	210	292.000000	56.000000
1424	169	299.000000	56.000000
1425	186	271.000000	57.000000
1426	149	321.000000	57.000000
1427	107	339.000000	57.000000
1428	288	354.000000	57.000000
1429	347	189.000000	58.000000
1430	431	228.000000	58.000000
1431	388	319.000000	58.000000
1432	362	358.000000	58.000000
1433	150	456.000000	58.000000
1434	376	183.000000	59.000000
1435	363	275.000000	59.000000
1436	348	324.000000	59.000000
1437	152	403.000000	59.000000
1438	190	510.000000	59.000000
1439	527	140.000000	60.000000
1440	460	257.000000	60.000000
1441	288	266.000000	60.000000
1442	332	206.000000	61.000000
1443	157	275.000000	61.000000
1444	330	338.000000	61.000000
1445	151	346.000000	61.000000
1446	260	346.000000	61.000000
1447	286	391.000000	61.000000
1448	304	493.000000	61.000000
1449	269	193.000000	62.000000
1450	305	294.000000	62.000000
1451	349	312.000000	62.000000
1452	273	470.000000	62.000000
1453	171	245.000000	63.000000
1454	125	317.000000	63.000000
1455	390	395.000000	63.000000
1456	143	483.000000	63.000000
1457	442	202.000000	64.000000
1458	184	407.000000	64.000000
1459	232	408.000000	64.000000
1460	519	160.000000	65.000000
1461	492	216.000000	65.000000
1462	206	224.000000	65.000000
1463	146	239.000000	65.000000
1464	200	246.000000	65.000000
1465	245	292.000000	65.000000
1466	398	294.000000	65.000000
1467	285	328.000000	65.000000
1468	232	365.000000	65.000000
1469	227	421.000000	65.000000
1470	199	440.000000	65.000000
1471	301	440.000000	65.000000
1472	287	174.000000	66.000000
1473	229	263.000000	66.000000
1474	320	267.000000	66.000000
1475	199	338.000000	66.000000
1476	88	398.000000	66.000000
1477	78	430.000000	66.000000
1478	253	438.000000	66.000000
1479	315	439.000000	66.000000
1480	446	165.000000	67.000000
1481	168	223.000000	67.000000
1482	239	231.000000	67.000000
1483	270	332.000000	67.000000
1484	286	420.000000	67.000000
1485	159	422.000000	67.000000
1486	66	429.000000	67.000000
1487	225	524.000000	67.000000
1488	127	340.000000	68.000000
1489	238	358.000000	68.000000
1490	91	361.000000	68.000000
1491	577	107.000000	69.000000
1492	392	252.000000	69.000000
1493	133	286.000000	69.000000
1494	329	292.000000	69.000000
1495	93	320.000000	69.000000
1496	349	369.000000	69.000000
1497	171	378.000000	69.000000
1498	239	393.000000	69.000000
1499	55	398.000000	69.000000
1500	321	420.000000	69.000000
1501	143	442.000000	69.000000
1502	412	168.000000	70.000000
1503	370	175.000000	70.000000
1504	273	302.000000	70.000000
1505	407	311.000000	70.000000
1506	289	319.000000	70.000000
1507	233	323.000000	70.000000
1508	101	466.000000	70.000000
1509	250	493.000000	70.000000
1510	161	508.000000	70.000000
1511	287	509.000000	70.000000
1512	169	426.000000	71.000000
1513	220	473.000000	71.000000
1514	460	129.000000	72.000000
1515	404	162.000000	72.000000
1516	225	185.000000	72.000000
1517	407	250.000000	72.000000
1518	261	276.000000	72.000000
1519	301	301.000000	72.000000
1520	125	317.000000	72.000000
1521	429	320.000000	72.000000
1522	421	332.000000	72.000000
1523	272	368.000000	72.000000
1524	166	382.000000	72.000000
1525	175	475.000000	72.000000
1526	342	160.000000	73.000000
1527	380	271.000000	73.000000
1528	328	346.000000	73.000000
1529	205	421.000000	73.000000
1530	225	446.000000	73.000000
1531	288	195.000000	74.000000
1532	282	249.000000	74.000000
1533	341	273.000000	74.000000
1534	306	160.000000	75.000000
1535	341	234.000000	75.000000
1536	283	278.000000	75.000000
1537	206	321.000000	75.000000
1538	172	348.000000	75.000000
1539	276	450.000000	75.000000
1540	251	165.000000	76.000000
1541	215	280.000000	76.000000
1542	367	306.000000	76.000000
1543	192	513.000000	76.000000
1544	169	201.000000	77.000000
1545	357	215.000000	77.000000
1546	428	246.000000	77.000000
1547	395	339.000000	77.000000
1548	123	391.000000	77.000000
1549	138	404.000000	77.000000
1550	352	420.000000	77.000000
1551	195	458.000000	77.000000
1552	113	489.000000	77.000000
1553	134	504.000000	77.000000
1554	477	178.000000	78.000000
1555	477	207.000000	78.000000
1556	193	225.000000	78.000000
1557	305	352.000000	78.000000
1558	309	372.000000	78.000000
1559	212	524.000000	78.000000
1560	204	185.000000	79.000000
1561	283	219.000000	79.000000
1562	382	314.000000	79.000000
1563	215	343.000000	79.000000
1564	385	364.000000	79.000000
1565	336	431.000000	79.000000
1566	436	193.000000	80.000000
1567	217	201.000000	80.000000
1568	396	221.000000	80.000000
1569	323	248.000000	80.000000
1570	109	272.000000	80.000000
1571	237	296.000000	80.000000
1572	284	344.000000	80.000000
1573	334	361.000000	80.000000
1574	239	396.000000	80.000000
1575	306	401.000000	80.000000
1576	497	131.000000	81.000000
1577	353	147.000000	81.000000
1578	340	284.000000	81.000000
1579	63	320.000000	81.000000
1580	107	351.000000	81.000000
1581	198	359.000000	81.000000
1582	114	419.000000	81.000000
1583	151	479.000000	81.000000
1584	472	225.000000	82.000000
1585	441	290.000000	82.000000
1586	338	313.000000	82.000000
1587	378	322.000000	82.000000
1588	238	359.000000	82.000000
1589	49	362.000000	82.000000
1590	362	386.000000	82.000000
1591	322	456.000000	82.000000
1592	417	221.000000	83.000000
1593	231	230.000000	83.000000
1594	385	249.000000	83.000000
1595	170	293.000000	83.000000
1596	125	350.000000	83.000000
1597	70	392.000000	83.000000
1598	187	399.000000	83.000000
1599	194	469.000000	83.000000
1600	276	476.000000	83.000000
1601	144	199.000000	84.000000
1602	228	304.000000	84.000000
1603	181	319.000000	84.000000
1604	255	347.000000	84.000000
1605	271	149.000000	85.000000
1606	251	376.000000	85.000000
1607	197	382.000000	85.000000
1608	269	453.000000	85.000000
1609	488	129.000000	86.000000
1610	450	186.000000	86.000000
1611	191	270.000000	86.000000
1612	346	274.000000	86.000000
1613	292	288.000000	86.000000
1614	278	316.000000	86.000000
1615	151	352.000000	86.000000
1616	292	386.000000	86.000000
1617	167	404.000000	86.000000
1618	230	500.000000	86.000000
1619	264	550.000000	86.000000
1620	295	172.000000	87.000000
1621	378	212.000000	87.000000
1622	458	247.000000	87.000000
1623	177	379.000000	87.000000
1624	366	390.000000	87.000000
1625	85	456.000000	87.000000
1626	343	187.000000	88.000000
1627	321	221.000000	88.000000
1628	222	339.000000	88.000000
1629	277	405.000000	88.000000
1630	226	456.000000	88.000000
1631	381	231.000000	89.000000
1632	429	270.000000	89.000000
1633	263	297.000000	89.000000
1634	413	299.000000	89.000000
1635	138	415.000000	89.000000
1636	297	427.000000	89.000000
1637	276	473.000000	89.000000
1638	299	479.000000	89.000000
1639	207	482.000000	89.000000
1640	419	131.000000	90.000000
1641	240	211.000000	90.000000
1642	300	218.000000	90.000000
1643	408	239.000000	90.000000
1644	225	268.000000	90.000000
1645	452	270.000000	90.000000
1646	367	290.000000	90.000000
1647	181	326.000000	90.000000
1648	282	379.000000	90.000000
1649	235	416.000000	90.000000
1650	58	428.000000	90.000000
1651	186	428.000000	90.000000
1652	239	481.000000	90.000000
1653	253	515.000000	90.000000
1654	436	128.000000	91.000000
1655	319	142.000000	91.000000
1656	256	236.000000	91.000000
1657	169	254.000000	91.000000
1658	96	273.000000	91.000000
1659	281	347.000000	91.000000
1660	205	358.000000	91.000000
1661	54	362.000000	91.000000
1662	107	399.000000	91.000000
1663	393	127.000000	92.000000
1664	230	146.000000	92.000000
1665	412	165.000000	92.000000
1666	328	174.000000	92.000000
1667	351	245.000000	92.000000
1668	401	254.000000	92.000000
1669	73	299.000000	92.000000
1670	129	374.000000	92.000000
1671	244	378.000000	92.000000
1672	356	378.000000	92.000000
1673	185	178.000000	93.000000
1674	203	241.000000	93.000000
1675	125	258.000000	93.000000
1676	391	303.000000	93.000000
1677	267	341.000000	93.000000
1678	145	434.000000	93.000000
1679	119	455.000000	93.000000
1680	528	172.000000	94.000000
1681	493	174.000000	94.000000
1682	344	206.000000	94.000000
1683	120	224.000000	94.000000
1684	185	320.000000	94.000000
1685	420	333.000000	94.000000
1686	75	343.000000	94.000000
1687	338	401.000000	94.000000
1688	181	144.000000	95.000000
1689	390	193.000000	95.000000
1690	153	227.000000	95.000000
1691	367	357.000000	95.000000
1692	300	360.000000	95.000000
1693	196	385.000000	95.000000
1694	216	416.000000	95.000000
1695	264	426.000000	95.000000
1696	460	163.000000	96.000000
1697	377	240.000000	96.000000
1698	319	277.000000	96.000000
1699	169	296.000000	96.000000
1700	354	313.000000	96.000000
1701	281	319.000000	96.000000
1702	361	126.000000	97.000000
1703	366	215.000000	97.000000
1704	146	281.000000	97.000000
1705	416	292.000000	97.000000
1706	307	312.000000	97.000000
1707	358	322.000000	97.000000
1708	395	335.000000	97.000000
1709	343	409.000000	97.000000
1710	192	417.000000	97.000000
1711	210	443.000000	97.000000
1712	459	227.000000	98.000000
1713	154	325.000000	98.000000
1714	154	429.000000	98.000000
1715	150	515.000000	98.000000
1716	470	115.000000	99.000000
1717	358	165.000000	99.000000
1718	482	194.000000	99.000000
1719	293	199.000000	99.000000
1720	339	226.000000	99.000000
1721	434	251.000000	99.000000
1722	278	258.000000	99.000000
1723	47	307.000000	99.000000
1724	43	343.000000	99.000000
1725	347	366.000000	99.000000
1726	105	373.000000	99.000000
1727	237	535.000000	99.000000
1728	392	159.000000	100.000000
1729	246	180.000000	100.000000
1730	231	241.000000	100.000000
1731	380	339.000000	100.000000
1732	159	485.000000	100.000000
1733	138	177.000000	101.000000
1734	317	205.000000	101.000000
1735	244	282.000000	101.000000
1736	236	306.000000	101.000000
1737	277	493.000000	101.000000
1738	437	106.000000	102.000000
1739	105	248.000000	102.000000
1740	328	313.000000	102.000000
1741	241	340.000000	102.000000
1742	188	359.000000	102.000000
1743	310	394.000000	102.000000
1744	274	486.000000	102.000000
1745	497	105.000000	103.000000
1746	292	190.000000	103.000000
1747	61	280.000000	103.000000
1748	116	289.000000	103.000000
1749	144	344.000000	103.000000
1750	414	351.000000	103.000000
1751	39	387.000000	103.000000
1752	326	434.000000	103.000000
1753	268	518.000000	103.000000
1754	463	141.000000	104.000000
1755	286	154.000000	104.000000
1756	346	204.000000	104.000000
1757	484	229.000000	104.000000
1758	214	266.000000	104.000000
1759	377	376.000000	104.000000
1760	176	470.000000	104.000000
1761	206	140.000000	105.000000
1762	383	173.000000	105.000000
1763	311	183.000000	105.000000
1764	495	202.000000	105.000000
1765	358	289.000000	105.000000
1766	262	301.000000	105.000000
1767	112	438.000000	105.000000
1768	199	505.000000	105.000000
1769	590	31.000000	106.000000
1770	555	62.000000	106.000000
1771	252	133.000000	106.000000
1772	187	238.000000	106.000000
1773	464	253.000000	106.000000
1774	285	296.000000	106.000000
1775	263	373.000000	106.000000
1776	486	154.000000	107.000000
1777	459	185.000000	107.000000
1778	386	195.000000	107.000000
1779	458	207.000000	107.000000
1780	175	214.000000	107.000000
1781	331	232.000000	107.000000
1782	148	360.000000	107.000000
1783	215	366.000000	107.000000
1784	296	377.000000	107.000000
1785	323	409.000000	107.000000
1786	203	457.000000	107.000000
1787	424	160.000000	108.000000
1788	437	189.000000	108.000000
1789	313	243.000000	108.000000
1790	83	254.000000	108.000000
1791	241	283.000000	108.000000
1792	238	364.000000	108.000000
1793	140	388.000000	108.000000
1794	147	459.000000	108.000000
1795	390	128.000000	109.000000
1796	431	215.000000	109.000000
1797	339	260.000000	109.000000
1798	338	289.000000	109.000000
1799	213	291.000000	109.000000
1800	313	293.000000	109.000000
1801	131	311.000000	109.000000
1802	118	327.000000	109.000000
1803	177	342.000000	109.000000
1804	97	345.000000	109.000000
1805	237	425.000000	109.000000
1806	524	76.000000	110.000000
1807	364	193.000000	110.000000
1808	178	278.000000	110.000000
1809	84	396.000000	110.000000
1810	284	230.000000	111.000000
1811	377	242.000000	111.000000
1812	111	251.000000	111.000000
1813	386	302.000000	111.000000
1814	190	325.000000	111.000000
1815	90	338.000000	111.000000
1816	171	408.000000	111.000000
1817	544	55.000000	112.000000
1818	305	153.000000	112.000000
1819	344	157.000000	112.000000
1820	156	233.000000	112.000000
1821	193	264.000000	112.000000
1822	325	403.000000	112.000000
1823	290	418.000000	112.000000
1824	129	421.000000	112.000000
1825	239	509.000000	112.000000
1826	183	522.000000	112.000000
1827	489	124.000000	113.000000
1828	165	165.000000	113.000000
1829	94	218.000000	113.000000
1830	429	259.000000	113.000000
1831	367	311.000000	113.000000
1832	214	334.000000	113.000000
1833	285	367.000000	113.000000
1834	469	164.000000	114.000000
1835	407	181.000000	114.000000
1836	199	201.000000	114.000000
1837	104	207.000000	114.000000
1838	212	399.000000	114.000000
1839	313	427.000000	114.000000
1840	76	465.000000	114.000000
1841	144	205.000000	115.000000
1842	171	251.000000	115.000000
1843	321	264.000000	115.000000
1844	395	268.000000	115.000000
1845	165	366.000000	115.000000
1846	99	388.000000	115.000000
1847	148	394.000000	115.000000
1848	108	438.000000	115.000000
1849	225	475.000000	115.000000
1850	117	488.000000	115.000000
1851	585	18.000000	116.000000
1852	525	104.000000	116.000000
1853	191	198.000000	116.000000
1854	358	347.000000	116.000000
1855	36	350.000000	116.000000
1856	488	85.000000	117.000000
1857	401	101.000000	117.000000
1858	315	115.000000	117.000000
1859	343	119.000000	117.000000
1860	460	184.000000	117.000000
1861	130	282.000000	117.000000
1862	261	292.000000	117.000000
1863	351	401.000000	117.000000
1864	522	152.000000	118.000000
1865	381	164.000000	118.000000
1866	446	249.000000	118.000000
1867	218	251.000000	118.000000
1868	51	266.000000	118.000000
1869	238	349.000000	118.000000
1870	272	405.000000	118.000000
1871	42	407.000000	118.000000
1872	304	456.000000	118.000000
1873	139	482.000000	118.000000
1874	246	532.000000	118.000000
1875	421	125.000000	119.000000
1876	441	139.000000	119.000000
1877	298	212.000000	119.000000
1878	189	301.000000	119.000000
1879	370	332.000000	119.000000
1880	339	377.000000	119.000000
1881	85	442.000000	119.000000
1882	252	474.000000	119.000000
1883	142	512.000000	119.000000
1884	211	533.000000	119.000000
1885	279	181.000000	120.000000
1886	243	200.000000	120.000000
1887	352	221.000000	120.000000
1888	283	250.000000	120.000000
1889	317	272.000000	120.000000
1890	428	307.000000	120.000000
1891	262	377.000000	120.000000
1892	516	74.000000	121.000000
1893	443	157.000000	121.000000
1894	372	257.000000	121.000000
1895	197	378.000000	121.000000
1896	67	383.000000	121.000000
1897	282	448.000000	121.000000
1898	211	224.000000	122.000000
1899	352	230.000000	122.000000
1900	371	236.000000	122.000000
1901	284	343.000000	122.000000
1902	215	359.000000	122.000000
1903	122	452.000000	122.000000
1904	327	109.000000	123.000000
1905	227	151.000000	123.000000
1906	514	177.000000	123.000000
1907	303	183.000000	123.000000
1908	93	265.000000	123.000000
1909	426	283.000000	123.000000
1910	280	314.000000	123.000000
1911	307	320.000000	123.000000
1912	64	322.000000	123.000000
1913	388	325.000000	123.000000
1914	264	502.000000	123.000000
1915	168	140.000000	124.000000
1916	127	181.000000	124.000000
1917	270	208.000000	124.000000
1918	385	215.000000	124.000000
1919	233	302.000000	124.000000
1920	32	305.000000	124.000000
1921	243	453.000000	124.000000
1922	288	473.000000	124.000000
1923	98	483.000000	124.000000
1924	317	216.000000	125.000000
1925	111	291.000000	125.000000
1926	95	310.000000	125.000000
1927	372	365.000000	125.000000
1928	217	426.000000	125.000000
1929	167	432.000000	125.000000
1930	132	450.000000	125.000000
1931	551	53.000000	126.000000
1932	220	186.000000	126.000000
1933	407	202.000000	126.000000
1934	468	217.000000	126.000000
1935	361	349.000000	126.000000
1936	203	371.000000	126.000000
1937	261	169.000000	127.000000
1938	354	182.000000	127.000000
1939	494	200.000000	127.000000
1940	80	233.000000	127.000000
1941	54	243.000000	127.000000
1942	235	253.000000	127.000000
1943	450	255.000000	127.000000
1944	418	318.000000	127.000000
1945	68	386.000000	127.000000
1946	297	407.000000	127.000000
1947	307	448.000000	127.000000
1948	175	474.000000	127.000000
1949	142	156.000000	128.000000
1950	171	248.000000	128.000000
1951	400	290.000000	128.000000
1952	315	300.000000	128.000000
1953	47	431.000000	128.000000
1954	488	198.000000	129.000000
1955	440	237.000000	129.000000
1956	224	277.000000	129.000000
1957	241	302.000000	129.000000
1958	174	323.000000	129.000000
1959	265	352.000000	129.000000
1960	167	365.000000	129.000000
1961	192	413.000000	129.000000
1962	279	461.000000	129.000000
1963	496	168.000000	130.000000
1964	198	179.000000	130.000000
1965	425	215.000000	130.000000
1966	465	248.000000	130.000000
1967	294	264.000000	130.000000
1968	125	342.000000	130.000000
1969	40	374.000000	130.000000
1970	229	414.000000	130.000000
1971	159	462.000000	130.000000
1972	545	146.000000	131.000000
1973	414	152.000000	131.000000
1974	151	210.000000	131.000000
1975	69	295.000000	131.000000
1976	117	302.000000	131.000000
1977	356	315.000000	131.000000
1978	325	419.000000	131.000000
1979	133	231.000000	132.000000
1980	338	279.000000	132.000000
1981	200	304.000000	132.000000
1982	143	311.000000	132.000000
1983	98	343.000000	132.000000
1984	334	350.000000	132.000000
1985	474	104.000000	133.000000
1986	441	173.000000	133.000000
1987	76	201.000000	133.000000
1988	228	226.000000	133.000000
1989	305	240.000000	133.000000
1990	402	291.000000	133.000000
1991	361	154.000000	134.000000
1992	296	172.000000	134.000000
1993	189	230.000000	134.000000
1994	260	235.000000	134.000000
1995	347	257.000000	134.000000
1996	441	285.000000	134.000000
1997	334	331.000000	134.000000
1998	252	367.000000	134.000000
1999	381	121.000000	135.000000
2000	518	132.000000	135.000000
2001	415	265.000000	135.000000
2002	215	341.000000	135.000000
2003	157	410.000000	135.000000
2004	183	486.000000	135.000000
2005	150	492.000000	135.000000
2006	464	92.000000	136.000000
2007	262	141.000000	136.000000
2008	313	242.000000	136.000000
2009	31	280.000000	136.000000
2010	283	341.000000	136.000000
2011	287	463.000000	136.000000
2012	246	504.000000	136.000000
2013	232	520.000000	136.000000
2014	563	20.000000	137.000000
2015	482	61.000000	137.000000
2016	167	222.000000	137.000000
2017	117	223.000000	137.000000
2018	153	320.000000	137.000000
2019	404	345.000000	137.000000
2020	287	428.000000	137.000000
2021	237	108.000000	138.000000
2022	368	129.000000	138.000000
2023	271	130.000000	138.000000
2024	145	254.000000	138.000000
2025	232	282.000000	138.000000
2026	384	305.000000	138.000000
2027	117	433.000000	138.000000
2028	223	475.000000	138.000000
2029	449	122.000000	139.000000
2030	222	260.000000	139.000000
2031	359	267.000000	139.000000
2032	81	337.000000	139.000000
2033	81	444.000000	139.000000
2034	190	523.000000	139.000000
2035	405	170.000000	140.000000
2036	198	201.000000	140.000000
2037	267	248.000000	140.000000
2038	150	352.000000	140.000000
2039	103	398.000000	140.000000
2040	226	408.000000	140.000000
2041	121	416.000000	140.000000
2042	513	53.000000	141.000000
2043	363	67.000000	141.000000
2044	348	74.000000	141.000000
2045	403	224.000000	141.000000
2046	108	258.000000	141.000000
2047	387	358.000000	141.000000
2048	311	395.000000	141.000000
2049	251	442.000000	141.000000
2050	174	448.000000	141.000000
2051	367	94.000000	142.000000
2052	526	176.000000	142.000000
2053	392	185.000000	142.000000
2054	195	286.000000	142.000000
2055	33	328.000000	142.000000
2056	192	332.000000	142.000000
2057	181	346.000000	142.000000
2058	159	413.000000	142.000000
2059	126	434.000000	142.000000
2060	438	59.000000	143.000000
2061	210	158.000000	143.000000
2062	426	182.000000	143.000000
2063	365	183.000000	143.000000
2064	298	211.000000	143.000000
2065	125	274.000000	143.000000
2066	171	275.000000	143.000000
2067	92	414.000000	143.000000
2068	541	87.000000	144.000000
2069	285	107.000000	144.000000
2070	309	144.000000	144.000000
2071	431	237.000000	144.000000
2072	358	338.000000	144.000000
2073	339	401.000000	144.000000
2074	397	49.000000	145.000000
2075	239	189.000000	145.000000
2076	395	198.000000	145.000000
2077	278	224.000000	145.000000
2078	110	343.000000	145.000000
2079	212	386.000000	145.000000
2080	285	406.000000	145.000000
2081	151	420.000000	145.000000
2082	434	145.000000	146.000000
2083	288	162.000000	146.000000
2084	483	200.000000	146.000000
2085	416	324.000000	146.000000
2086	242	335.000000	146.000000
2087	517	190.000000	147.000000
2088	417	247.000000	147.000000
2089	146	286.000000	147.000000
2090	174	513.000000	147.000000
2091	288	170.000000	148.000000
2092	498	172.000000	148.000000
2093	499	211.000000	148.000000
2094	455	221.000000	148.000000
2095	473	222.000000	148.000000
2096	389	247.000000	148.000000
2097	298	324.000000	148.000000
2098	371	370.000000	148.000000
2099	254	477.000000	148.000000
2100	486	93.000000	149.000000
2101	519	114.000000	149.000000
2102	329	132.000000	149.000000
2103	413	134.000000	149.000000
2104	54	211.000000	149.000000
2105	352	323.000000	149.000000
2106	209	327.000000	149.000000
2107	349	358.000000	149.000000
2108	201	365.000000	149.000000
2109	369	388.000000	149.000000
2110	303	435.000000	149.000000
2111	190	450.000000	149.000000
2112	171	179.000000	150.000000
2113	363	198.000000	150.000000
2114	274	203.000000	150.000000
2115	326	211.000000	150.000000
2116	480	232.000000	150.000000
2117	454	271.000000	150.000000
2118	344	296.000000	150.000000
2119	66	363.000000	150.000000
2120	235	370.000000	150.000000
2121	39	406.000000	150.000000
2122	200	472.000000	150.000000
2123	514	57.000000	151.000000
2124	322	276.000000	151.000000
2125	131	334.000000	151.000000
2126	143	334.000000	151.000000
2127	39	380.000000	151.000000
2128	327	169.000000	152.000000
2129	240	215.000000	152.000000
2130	34	227.000000	152.000000
2131	301	254.000000	152.000000
2132	251	278.000000	152.000000
2133	237	446.000000	152.000000
2134	189	499.000000	152.000000
2135	296	277.000000	153.000000
2136	78	298.000000	153.000000
2137	330	306.000000	153.000000
2138	51	314.000000	153.000000
2139	132	370.000000	153.000000
2140	83	387.000000	153.000000
2141	363	389.000000	153.000000
2142	409	106.000000	154.000000
2143	386	125.000000	154.000000
2144	412	211.000000	154.000000
2145	192	257.000000	154.000000
2146	209	361.000000	154.000000
2147	277	376.000000	154.000000
2148	131	158.000000	155.000000
2149	55	279.000000	155.000000
2150	432	299.000000	155.000000
2151	317	332.000000	155.000000
2152	104	348.000000	155.000000
2153	234	485.000000	155.000000
2154	494	105.000000	156.000000
2155	509	152.000000	156.000000
2156	344	194.000000	156.000000
2157	199	196.000000	156.000000
2158	420	323.000000	156.000000
2159	267	470.000000	156.000000
2160	130	490.000000	156.000000
2161	301	79.000000	157.000000
2162	480	127.000000	157.000000
2163	397	298.000000	157.000000
2164	242	307.000000	157.000000
2165	150	363.000000	157.000000
2166	245	378.000000	157.000000
2167	211	454.000000	157.000000
2168	221	124.000000	158.000000
2169	415	181.000000	158.000000
2170	233	219.000000	158.000000
2171	259	238.000000	158.000000
2172	313	259.000000	158.000000
2173	266	272.000000	158.000000
2174	75	318.000000	158.000000
2175	329	355.000000	158.000000
2176	245	242.000000	159.000000
2177	184	359.000000	159.000000
2178	135	441.000000	159.000000
2179	101	487.000000	159.000000
2180	491	154.000000	160.000000
2181	461	161.000000	160.000000
2182	313	196.000000	160.000000
2183	399	264.000000	160.000000
2184	247	338.000000	160.000000
2185	382	357.000000	160.000000
2186	284	400.000000	160.000000
2187	126	404.000000	160.000000
2188	321	418.000000	160.000000
2189	469	72.000000	161.000000
2190	18	256.000000	161.000000
2191	223	309.000000	161.000000
2192	228	345.000000	161.000000
2193	82	365.000000	161.000000
2194	523	6.000000	162.000000
2195	99	249.000000	162.000000
2196	130	252.000000	162.000000
2197	307	385.000000	162.000000
2198	511	132.000000	163.000000
2199	477	179.000000	163.000000
2200	105	222.000000	163.000000
2201	249	242.000000	163.000000
2202	468	253.000000	163.000000
2203	112	416.000000	163.000000
2204	151	437.000000	163.000000
2205	463	33.000000	164.000000
2206	445	108.000000	164.000000
2207	532	116.000000	164.000000
2208	157	409.000000	164.000000
2209	113	423.000000	164.000000
2210	565	90.000000	165.000000
2211	387	142.000000	165.000000
2212	467	212.000000	165.000000
2213	182	231.000000	165.000000
2214	395	359.000000	165.000000
2215	330	415.000000	165.000000
2216	216	515.000000	165.000000
2217	405	338.000000	166.000000
2218	99	380.000000	166.000000
2219	61	428.000000	166.000000
2220	149	505.000000	166.000000
2221	490	148.000000	167.000000
2222	142	278.000000	167.000000
2223	296	300.000000	167.000000
2224	214	467.000000	167.000000
2225	365	157.000000	168.000000
2226	404	261.000000	168.000000
2227	167	455.000000	168.000000
2228	225	463.000000	168.000000
2229	131	313.000000	169.000000
2230	96	320.000000	169.000000
2231	169	350.000000	169.000000
2232	258	436.000000	169.000000
2233	545	78.000000	170.000000
2234	164	140.000000	170.000000
2235	98	150.000000	170.000000
2236	338	183.000000	170.000000
2237	396	196.000000	170.000000
2238	162	214.000000	170.000000
2239	301	219.000000	170.000000
2240	279	255.000000	170.000000
2241	327	278.000000	170.000000
2242	103	482.000000	170.000000
2243	148	202.000000	171.000000
2244	286	221.000000	171.000000
2245	373	227.000000	171.000000
2246	451	282.000000	171.000000
2247	205	122.000000	172.000000
2248	534	162.000000	172.000000
2249	374	163.000000	172.000000
2250	511	189.000000	172.000000
2251	436	193.000000	172.000000
2252	409	231.000000	172.000000
2253	202	232.000000	172.000000
2254	377	252.000000	172.000000
2255	91	268.000000	172.000000
2256	256	296.000000	172.000000
2257	256	457.000000	172.000000
2258	487	92.000000	173.000000
2259	478	241.000000	173.000000
2260	406	286.000000	173.000000
2261	438	304.000000	173.000000
2262	346	335.000000	173.000000
2263	298	380.000000	173.000000
2264	522	79.000000	174.000000
2265	440	165.000000	174.000000
2266	453	250.000000	174.000000
2267	354	379.000000	174.000000
2268	148	396.000000	174.000000
2269	28	271.000000	175.000000
2270	124	281.000000	175.000000
2271	160	281.000000	175.000000
2272	61	283.000000	175.000000
2273	27	303.000000	175.000000
2274	322	314.000000	175.000000
2275	120	323.000000	175.000000
2276	120	385.000000	175.000000
2277	84	421.000000	175.000000
2278	288	446.000000	175.000000
2279	87	452.000000	175.000000
2280	503	185.000000	176.000000
2281	457	217.000000	176.000000
2282	197	355.000000	176.000000
2283	126	484.000000	176.000000
2284	409	166.000000	177.000000
2285	122	186.000000	177.000000
2286	501	219.000000	177.000000
2287	265	284.000000	177.000000
2288	327	359.000000	177.000000
2289	216	431.000000	177.000000
2290	280	260.000000	178.000000
2291	416	313.000000	178.000000
2292	233	481.000000	178.000000
2293	452	120.000000	179.000000
2294	476	157.000000	179.000000
2295	456	186.000000	179.000000
2296	381	188.000000	179.000000
2297	434	295.000000	179.000000
2298	120	293.000000	180.000000
2299	392	310.000000	180.000000
2300	384	362.000000	180.000000
2301	121	364.000000	180.000000
2302	295	398.000000	180.000000
2303	177	501.000000	180.000000
2304	496	131.000000	181.000000
2305	79	224.000000	181.000000
2306	238	254.000000	181.000000
2307	150	304.000000	181.000000
2308	163	306.000000	181.000000
2309	377	335.000000	181.000000
2310	334	391.000000	181.000000
2311	404	208.000000	182.000000
2312	463	242.000000	182.000000
2313	163	328.000000	182.000000
2314	77	342.000000	182.000000
2315	161	490.000000	182.000000
2316	49	158.000000	183.000000
2317	413	307.000000	183.000000
2318	409	339.000000	183.000000
2319	41	374.000000	183.000000
2320	161	379.000000	183.000000
2321	318	424.000000	183.000000
2322	525	186.000000	184.000000
2323	158	234.000000	184.000000
2324	153	328.000000	184.000000
2325	136	344.000000	184.000000
2326	200	376.000000	184.000000
2327	508	105.000000	185.000000
2328	413	220.000000	185.000000
2329	235	441.000000	185.000000
2330	123	445.000000	185.000000
2331	568	31.000000	186.000000
2332	465	180.000000	186.000000
2333	382	218.000000	186.000000
2334	333	231.000000	186.000000
2335	447	274.000000	186.000000
2336	186	285.000000	186.000000
2337	303	321.000000	186.000000
2338	403	334.000000	186.000000
2339	172	347.000000	186.000000
2340	321	378.000000	186.000000
2341	158	407.000000	186.000000
2342	187	468.000000	186.000000
2343	438	153.000000	187.000000
2344	97	205.000000	187.000000
2345	488	231.000000	187.000000
2346	294	247.000000	187.000000
2347	73	315.000000	187.000000
2348	356	373.000000	187.000000
2349	271	431.000000	187.000000
2350	550	129.000000	188.000000
2351	80	174.000000	188.000000
2352	366	348.000000	188.000000
2353	329	357.000000	188.000000
2354	51	395.000000	188.000000
2355	206	502.000000	188.000000
2356	205	256.000000	189.000000
2357	180	257.000000	189.000000
2358	347	259.000000	189.000000
2359	325	296.000000	189.000000
2360	98	336.000000	189.000000
2361	131	398.000000	189.000000
2362	94	433.000000	189.000000
2363	185	402.000000	190.000000
2364	193	436.000000	190.000000
2365	354	232.000000	191.000000
2366	387	247.000000	191.000000
2367	133	457.000000	191.000000
2368	20	171.000000	192.000000
2369	486	252.000000	192.000000
2370	330	394.000000	192.000000
2371	565	77.000000	193.000000
2372	240	265.000000	193.000000
2373	80	307.000000	193.000000
2374	85	395.000000	193.000000
2375	282	408.000000	193.000000
2376	522	156.000000	194.000000
2377	114	230.000000	194.000000
2378	8	241.000000	194.000000
2379	155	245.000000	194.000000
2380	144	363.000000	194.000000
2381	271	435.000000	195.000000
2382	23	173.000000	196.000000
2383	46	245.000000	196.000000
2384	102	351.000000	196.000000
2385	217	414.000000	196.000000
2386	410	187.000000	197.000000
2387	513	203.000000	197.000000
2388	268	293.000000	197.000000
2389	66	364.000000	197.000000
2390	471	134.000000	198.000000
2391	125	254.000000	198.000000
2392	334	254.000000	198.000000
2393	463	291.000000	198.000000
2394	238	298.000000	198.000000
2395	219	320.000000	198.000000
2396	135	393.000000	198.000000
2397	191	397.000000	198.000000
2398	247	451.000000	198.000000
2399	211	475.000000	198.000000
2400	424	181.000000	199.000000
2401	296	277.000000	199.000000
2402	217	278.000000	199.000000
2403	168	369.000000	199.000000
2404	156	409.000000	199.000000
2405	21	173.000000	200.000000
2406	504	202.000000	200.000000
2407	77	220.000000	200.000000
2408	444	322.000000	200.000000
2409	485	117.000000	201.000000
2410	537	149.000000	201.000000
2411	442	221.000000	201.000000
2412	126	417.000000	201.000000
2413	532	59.000000	202.000000
2414	492	150.000000	202.000000
2415	378	214.000000	202.000000
2416	488	245.000000	202.000000
2417	191	358.000000	202.000000
2418	506	224.000000	203.000000
2419	421	347.000000	203.000000
2420	83	362.000000	203.000000
2421	153	437.000000	203.000000
2422	529	184.000000	204.000000
2423	38	273.000000	204.000000
2424	158	275.000000	204.000000
2425	196	286.000000	204.000000
2426	434	224.000000	205.000000
2427	86	263.000000	205.000000
2428	298	410.000000	205.000000
2429	174	457.000000	205.000000
2430	512	86.000000	206.000000
2431	417	185.000000	206.000000
2432	49	304.000000	206.000000
2433	100	305.000000	206.000000
2434	549	109.000000	207.000000
2435	102	321.000000	207.000000
2436	393	351.000000	207.000000
2437	210	452.000000	207.000000
2438	487	269.000000	208.000000
2439	445	301.000000	208.000000
2440	261	303.000000	208.000000
2441	377	241.000000	209.000000
2442	41	329.000000	209.000000
2443	176	398.000000	209.000000
2444	450	178.000000	210.000000
2445	431	304.000000	210.000000
2446	121	361.000000	210.000000
2447	476	182.000000	211.000000
2448	407	252.000000	211.000000
2449	124	280.000000	212.000000
2450	243	299.000000	212.000000
2451	198	368.000000	212.000000
2452	198	414.000000	212.000000
2453	226	422.000000	212.000000
2454	533	64.000000	213.000000
2455	409	259.000000	213.000000
2456	354	265.000000	213.000000
2457	169	305.000000	213.000000
2458	519	124.000000	214.000000
2459	495	267.000000	214.000000
2460	464	198.000000	215.000000
2461	296	292.000000	215.000000
2462	130	334.000000	215.000000
2463	468	214.000000	216.000000
2464	187	431.000000	216.000000
2465	326	306.000000	217.000000
2466	450	193.000000	218.000000
2467	462	315.000000	218.000000
2468	159	374.000000	218.000000
2469	170	298.000000	219.000000
2470	215	304.000000	220.000000
2471	189	346.000000	220.000000
2472	469	273.000000	221.000000
2473	140	310.000000	221.000000
2474	422	347.000000	221.000000
2475	544	149.000000	222.000000
2476	515	218.000000	222.000000
2477	448	276.000000	222.000000
2478	428	206.000000	223.000000
2479	436	291.000000	223.000000
2480	480	157.000000	224.000000
2481	323	304.000000	224.000000
2482	499	182.000000	225.000000
2483	477	287.000000	225.000000
2484	514	204.000000	226.000000
2485	384	267.000000	226.000000
2486	185	324.000000	226.000000
2487	162	336.000000	226.000000
2488	463	238.000000	227.000000
2489	514	140.000000	228.000000
2490	533	186.000000	228.000000
2491	413	290.000000	228.000000
2492	406	335.000000	228.000000
2493	401	343.000000	228.000000
2494	500	244.000000	229.000000
2495	331	294.000000	229.000000
2496	444	313.000000	229.000000
2497	483	211.000000	230.000000
2498	342	280.000000	230.000000
2499	455	311.000000	230.000000
2500	160	350.000000	230.000000
2501	539	103.000000	231.000000
2502	190	313.000000	231.000000
2503	495	161.000000	232.000000
2504	417	237.000000	233.000000
2505	194	352.000000	233.000000
2506	239	321.000000	234.000000
2507	467	335.000000	234.000000
2508	552	82.000000	236.000000
2509	465	233.000000	236.000000
2510	445	235.000000	237.000000
2511	448	243.000000	237.000000
2512	470	330.000000	237.000000
2513	422	247.000000	238.000000
2514	225	342.000000	238.000000
2515	384	287.000000	246.000000
2516	485	206.000000	247.000000
2517	472	263.000000	249.000000
2518	467	296.000000	249.000000
2519	545	121.000000	250.000000
2520	518	176.000000	250.000000
2521	454	347.000000	250.000000
2522	403	349.000000	250.000000
2523	418	332.000000	251.000000
2524	485	241.000000	252.000000
2525	410	273.000000	252.000000
2526	346	469.000000	13.000000
2527	452	274.000000	255.000000
2528	398	312.000000	255.000000
2529	419	302.000000	256.000000
2530	446	329.000000	257.000000
2531	544	149.000000	260.000000
2532	490	280.000000	261.000000
2533	509	256.000000	263.000000
2534	422	351.000000	263.000000
2535	449	302.000000	265.000000
2536	533	197.000000	266.000000
2537	519	225.000000	267.000000
2538	539	180.000000	270.000000
2539	530	197.000000	270.000000
2540	451	347.000000	270.000000
