# EH4452-LU-P9.1(9.4)-NOT-SPLIT
# FULL
# root_node_id = 1
# source_node target_node length_um diameter_um
2526	1289	51.047701	41.999958
2526	1290	22.023851	38.630241
2526	2	79.722335	75.819563
2	23	206.415665	83.040641
2	1294	60.272562	72.426513
2	1306	47.798990	85.731467
3	1291	175.143156	79.614265
3	1297	101.746186	84.394164
3	54	184.545176	73.906733
4	1298	94.746186	79.363781
4	1316	75.621830	73.166661
4	73	202.119305	71.665884
5	1326	58.722335	71.386208
5	1317	41.822840	69.999931
5	17	104.645681	67.442040
6	1299	191.717233	84.481785
6	1328	22.023851	81.633240
6	45	141.545124	73.486897
7	1309	64.023851	82.789366
7	1302	172.770037	81.317446
7	56	158.243661	72.816827
8	1323	86.396918	78.300370
8	1303	150.243609	87.732213
8	52	160.817738	68.984633
9	1293	204.190805	82.256166
9	1288	268.190857	91.874540
9	27	99.521325	70.399003
10	1311	127.693382	77.069182
10	1312	142.894392	78.649807
10	39	92.521325	68.320204
11	1342	112.320315	65.836657
11	32	97.994897	71.797946
11	1315	220.918243	72.725637
12	1330	117.621830	66.509817
12	1296	227.214707	73.727249
12	31	75.621830	68.674179
13	1333	88.420820	69.858503
13	1345	19.124356	69.999931
13	33	59.923346	66.123206
14	1295	197.865439	81.706383
14	1301	236.989743	79.581320
14	59	116.770037	74.153671
15	1325	67.597980	76.606891
15	1355	33.798990	80.423798
15	30	104.320263	74.013765
16	1337	51.722335	86.301712
16	1351	51.047701	85.722266
16	57	118.119305	76.272118
17	1318	151.243661	74.450140
17	46	87.071552	75.622108
18	1335	68.621830	83.925410
18	1329	74.947196	88.394502
18	62	134.018748	85.680192
19	35	115.569026	72.926449
19	1320	158.592877	73.039753
19	1324	204.167006	76.613309
20	1313	123.597980	91.633168
20	1367	43.023851	75.392227
20	74	143.243609	69.516968
21	1336	111.296465	72.096932
21	29	84.846691	60.183985
21	35	85.521325	70.590640
22	1305	171.042651	88.040668
22	37	168.846691	68.256982
22	1414	110.296412	76.454121
23	58	128.018800	66.538171
23	1405	106.870542	73.628146
24	37	111.645681	62.743229
24	1314	244.788837	83.936077
24	1410	90.822840	72.316420
25	1350	65.722335	69.767375
25	32	100.722335	70.784691
25	1389	33.798990	64.155991
26	1322	224.339011	73.337704
26	1338	145.793887	65.800635
26	41	22.023851	69.519168
27	104	120.521325	78.156361
28	1307	189.492372	92.675404
28	1358	138.621830	77.963877
28	119	186.090300	73.858632
29	1354	68.621830	70.321082
29	1394	45.923346	68.585648
30	1327	237.640578	72.624974
30	121	176.367964	77.110865
31	75	134.693382	76.023255
31	1428	129.569026	72.677992
32	75	126.344114	79.267628
33	60	74.947196	61.159019
33	1396	68.621830	66.893532
34	1332	125.994897	75.267312
34	1420	91.846691	67.422826
34	69	148.693382	66.278916
35	152	255.238506	84.800536
36	1321	201.616728	74.998765
36	106	137.592877	70.005467
36	1383	16.899495	75.392227
37	73	116.444619	75.932109
38	1308	192.918243	83.700254
38	66	82.971047	68.674179
39	123	190.516223	77.114317
39	1391	50.698485	70.185968
40	1353	102.770037	74.625440
40	1347	178.717285	72.330462
40	117	170.717233	70.512812
41	1407	97.645681	65.804163
41	100	157.918243	78.560554
42	1339	106.521325	67.446585
42	1381	182.166954	78.808334
42	78	92.195907	71.988937
44	1341	167.468521	81.993645
44	1362	127.195907	74.995450
44	111	122.746186	79.393435
45	168	289.362914	86.226279
45	50	119.846691	62.957780
46	109	113.195907	83.586503
46	1415	119.344114	70.724902
47	1373	131.444671	68.432954
47	1386	127.698485	82.365116
47	67	92.870542	60.615367
48	1369	52.923346	81.460462
48	55	19.124356	77.069417
48	1408	58.722335	75.487202
49	1304	237.640578	81.372600
49	1398	65.722335	65.808878
49	86	68.621830	60.359900
50	1343	199.415665	67.755525
50	1455	126.846691	68.555508
51	1310	266.315212	82.033579
51	1352	160.817738	72.573519
51	88	61.798990	74.947114
52	133	190.167006	74.356481
52	1401	31.248711	69.646360
53	1360	104.994897	80.505664
53	1385	73.923346	80.483955
53	89	150.592825	72.534248
54	149	209.965996	82.527611
54	83	102.420820	66.880466
55	92	96.971047	66.768180
55	1393	26.124356	70.686068
56	1413	119.669532	64.245276
56	116	126.669532	71.799925
57	1399	86.195959	65.752361
57	81	70.521273	67.269311
58	1300	309.339063	81.489092
58	99	73.396970	77.154393
59	146	237.291362	84.867902
59	120	143.918243	71.540432
60	1357	214.592877	66.041103
60	97	124.793887	74.948541
61	1334	195.492320	79.683785
61	150	143.569026	62.788424
61	1402	90.645681	76.633756
62	1419	92.870542	71.081892
62	93	103.971047	68.542206
63	1403	68.621830	65.316383
63	1340	175.817790	85.624497
63	110	73.396970	66.932536
64	1349	182.166954	87.115459
64	93	73.746186	67.097312
64	1441	97.994897	67.036063
66	1359	172.942093	70.438624
66	131	99.521325	80.031714
67	1372	134.693382	63.299506
67	114	146.793939	71.327655
68	1382	60.947196	80.423798
68	1376	237.291362	98.290127
68	118	119.320315	71.391205
69	1319	228.741135	71.085058
69	146	173.616728	85.304132
70	1384	182.841588	72.170656
70	1375	143.219810	76.736171
70	87	105.497475	74.054528
71	1331	195.817738	78.098567
71	109	160.143104	82.800950
71	98	75.621830	70.521804
72	1292	322.989847	92.491383
72	1461	194.616728	65.946463
72	125	122.243609	73.422804
73	138	136.219810	81.826134
74	1452	145.793887	66.759511
74	90	80.071552	73.883069
75	137	98.521273	88.619035
76	1344	185.569026	77.410971
76	138	110.119253	70.514254
76	1432	94.420768	62.811791
77	1363	123.420820	79.694639
77	113	119.669532	67.361911
77	1437	68.296412	65.391781
78	90	78.698485	76.981328
78	1509	140.994949	74.506048
79	1388	97.320263	72.019752
79	1387	241.066449	97.580622
79	101	58.047701	67.321224
80	1374	129.569026	83.336939
80	94	92.521325	64.903187
80	1465	90.645681	69.151733
81	1458	117.119253	71.644937
81	132	121.545176	78.880215
82	1346	202.817738	72.949318
82	1470	121.894392	68.967629
82	114	111.994897	69.151242
83	1379	146.468521	75.467359
83	1448	40.798990	72.746056
84	1364	153.143104	90.385800
84	1421	89.798990	77.884337
84	188	164.918243	70.707498
85	1424	80.746186	71.704959
85	1370	148.018748	83.041357
85	128	135.219758	68.706758
86	154	107.894392	69.920663
86	1431	105.846691	65.803038
87	107	94.746186	68.342675
87	97	133.143156	80.570537
88	132	94.420768	79.065417
88	124	99.870542	66.320047
89	1380	165.918295	75.432081
89	201	171.918243	80.715358
90	169	151.267459	83.516359
91	1392	81.420820	90.001619
91	1429	31.923346	94.430748
91	103	142.368016	75.399094
92	1397	256.913192	78.960178
92	341	308.315212	82.102927
93	193	120.698485	85.482480
94	1356	208.616728	82.942880
94	112	31.923346	80.991098
95	1423	86.722335	70.372914
95	1365	164.243609	84.896222
95	128	137.770037	71.570111
96	1427	102.947196	76.145966
96	1411	106.521325	81.515960
96	122	98.497475	69.598922
97	217	229.788784	94.044507
98	1400	112.669532	65.007033
98	1484	85.521325	62.764454
99	141	98.846691	66.180885
99	149	102.095402	79.626135
100	115	112.344114	73.425487
100	169	138.793887	87.829301
101	102	106.521325	68.401187
101	151	124.793887	75.635113
102	1416	46.272562	71.386208
102	1442	19.124356	69.519168
103	1377	161.166954	79.278484
103	126	88.420820	67.256750
104	205	167.468521	85.018126
104	1440	212.368016	71.029091
105	1404	112.669532	81.079648
105	147	109.770037	66.514956
105	1473	73.071552	67.808454
106	137	121.894392	79.724453
106	155	114.894392	65.329816
107	1409	51.722335	66.593713
107	1475	59.923346	62.609844
108	1395	132.645681	69.460610
108	1445	70.497475	67.018081
108	161	117.119253	70.906057
109	194	150.243609	91.787405
110	136	85.870542	66.281483
110	212	202.315160	80.903405
111	166	104.994897	80.733471
111	1466	173.793887	70.233399
112	173	154.018696	82.154650
112	1504	111.645681	73.340504
113	1366	301.487269	80.136631
113	176	117.444671	78.408490
114	187	114.894392	78.692530
115	1348	367.735981	65.875524
115	1513	86.047701	67.274139
116	139	99.870542	66.859590
116	162	89.971047	84.653492
117	134	98.320315	60.633309
117	163	118.645681	62.212999
117	187	127.018748	80.111627
118	125	90.148206	76.619796
118	1554	130.420820	74.202770
119	166	125.645681	78.595729
119	165	77.846691	66.501343
120	1505	106.870542	71.573499
120	174	97.994897	70.044561
121	173	117.119253	80.508434
121	156	99.545124	63.881870
122	161	158.942093	77.967597
122	1488	84.846691	68.546790
123	162	101.420768	89.408011
123	185	124.793887	71.860370
124	1459	44.047701	61.024529
124	1469	72.047701	67.157033
125	177	129.243609	83.597835
126	143	99.521325	73.642326
126	1545	131.971047	67.350884
127	1462	154.846691	78.445955
127	1464	51.722335	67.847371
127	147	137.420820	63.826668
128	189	126.669532	80.060837
129	1451	76.822840	70.041764
129	1436	38.923346	65.665764
129	182	119.669532	69.408639
130	1371	234.415665	88.901695
130	204	116.770037	77.102629
130	1490	56.172057	71.988937
131	148	79.047701	71.614937
131	194	140.344114	89.573626
132	224	121.722335	82.802964
133	168	154.669532	81.407909
133	195	124.468469	66.920581
134	1433	77.846691	60.251308
134	1501	88.095402	60.130804
135	1406	165.592877	87.888385
135	1457	16.899495	68.585648
135	197	103.971047	66.519040
136	1417	122.243609	75.564051
136	1535	87.248711	69.300893
137	264	175.669532	97.447041
138	183	83.645681	83.999916
139	1390	204.190805	65.674392
140	1378	174.994897	91.995739
140	186	145.444671	75.516605
140	1476	22.023851	81.633240
141	1471	47.798990	60.746405
141	1479	65.722335	63.495594
143	1418	131.793887	72.747242
143	198	131.793887	80.853103
144	1443	171.918243	71.483249
144	1453	161.994949	78.604156
144	145	73.396970	67.574763
145	1425	77.846691	69.006227
145	189	195.090404	78.265864
146	228	153.143104	90.258199
147	179	51.722335	80.918564
148	1447	116.770037	70.085800
148	1523	103.971047	71.073846
149	242	152.267511	81.779044
150	1511	131.119253	68.744731
150	210	117.793887	72.409834
151	1368	334.611625	65.780831
151	239	220.889342	79.192457
152	180	129.569026	72.941369
152	200	85.870542	88.148628
153	1454	38.923346	79.195885
153	181	101.071552	63.887234
153	1520	45.248711	78.142808
154	199	85.195907	67.136171
154	182	85.195907	77.628481
155	1467	58.722335	68.585648
155	1506	29.698485	68.585648
156	1483	73.071552	61.963147
156	1446	101.071552	68.315597
157	186	124.793887	74.823228
157	1486	71.698485	87.477192
157	1477	31.923346	81.633240
158	1434	94.746186	88.298105
158	1503	29.698485	91.804047
158	171	158.947196	79.082322
159	1450	63.497475	72.402790
159	180	91.846691	61.637527
159	1519	46.272562	68.868504
160	1489	31.923346	73.042648
160	1468	46.272562	75.392227
160	207	67.597980	65.753760
161	240	170.717233	86.662460
162	259	144.793835	95.714727
163	1485	51.047701	61.531221
163	1512	45.923346	68.504031
165	1517	51.722335	64.893490
165	1492	87.923346	59.927008
166	284	150.569026	93.852165
167	1435	96.621830	61.487398
167	1527	114.545176	60.164447
167	222	85.521325	65.854850
168	208	65.396918	81.956420
169	327	196.841588	94.693644
170	1502	61.124356	80.389554
170	1515	37.899495	75.392227
170	171	130.243661	72.769502
171	254	205.540073	88.837399
172	1430	136.569026	73.989061
172	205	137.243661	72.500186
172	1546	116.444619	66.470307
173	229	68.798990	86.132043
174	1521	85.521325	74.934621
174	1522	40.798990	81.633240
175	1444	98.846691	73.376483
175	214	138.119253	62.060683
175	1528	41.822840	69.999931
176	240	140.669532	81.825589
176	219	94.420768	67.227569
177	234	131.793887	84.691439
177	1555	102.095402	78.891812
178	1422	197.693382	59.592318
178	1449	131.793887	71.614473
178	226	72.722335	65.029806
179	203	102.420820	67.394455
179	305	180.616728	83.257886
180	1494	163.042598	65.364195
181	1493	178.042651	72.449242
181	244	87.923346	73.570087
182	258	136.918243	82.523053
183	258	170.042598	81.696607
183	215	102.095402	69.479027
184	1497	34.148206	71.039639
184	1524	19.798990	69.999931
184	230	77.846691	61.206813
185	1500	130.770037	65.775679
185	1575	111.320263	65.672047
186	336	191.190857	79.264871
187	288	127.870542	94.335067
188	254	114.894392	77.362741
188	227	85.521325	63.840133
189	287	157.592825	85.429572
191	1438	103.798990	83.445127
191	231	109.444619	68.420572
191	1543	34.148206	75.392227
192	1480	112.320315	68.530575
192	225	93.545176	68.938520
193	322	147.669532	86.029594
193	213	101.071552	72.808629
194	315	146.669479	96.567295
195	1550	99.870542	60.124226
195	1565	106.870542	75.647390
196	1487	121.219758	82.512129
196	300	132.468521	68.449418
196	1559	65.396918	69.591849
197	233	92.870542	60.685611
197	234	94.420768	79.473084
198	212	108.746186	83.242738
198	255	98.320315	68.578261
199	1542	70.846691	58.222548
199	223	68.621830	58.074197
200	264	129.918243	90.399214
200	214	97.645681	75.452416
201	251	103.444671	69.217817
201	316	180.942145	86.013692
203	1482	89.971047	64.807655
203	1593	67.947196	61.880314
204	237	101.746186	73.750885
204	359	188.817738	83.032736
205	271	109.444619	66.217591
205	339	133.669532	88.441413
207	248	105.320315	61.737808
207	1588	53.947196	55.020923
208	313	132.468521	74.252851
208	259	124.793887	89.994246
210	317	200.592877	84.210390
210	290	110.444671	69.694293
211	1516	84.846691	48.666412
211	330	122.569026	67.878044
211	1560	105.497475	73.428142
211	1567	79.899495	75.282719
212	333	117.444671	89.886022
213	1474	143.569026	65.290399
215	1547	128.894392	63.215276
215	1564	138.095454	64.573809
216	1496	102.770037	72.851310
216	1573	65.899495	63.625743
216	265	68.296412	60.480236
217	248	134.693382	80.492557
217	312	146.143104	94.731350
218	1498	78.698485	69.672146
218	249	66.071552	57.910251
218	1574	22.023851	59.939448
219	1549	80.746186	57.262134
219	1548	89.296412	60.793999
220	1456	139.645681	70.002472
220	268	92.870542	63.807367
220	1583	43.698485	56.546129
221	1481	207.592877	74.398863
221	1556	26.798990	68.585648
221	321	90.296465	64.446484
222	333	153.143104	83.201071
222	257	82.645629	70.773939
223	1562	31.923346	64.155991
223	1587	53.597980	69.165083
224	298	104.994897	71.269331
224	312	114.219758	89.828253
225	318	201.267511	71.310180
225	302	187.267511	85.537118
226	1641	172.918295	66.790780
226	303	95.095402	70.665852
227	1568	85.698485	64.549775
227	1592	86.722335	62.759234
228	285	119.344114	72.967683
228	284	103.971047	96.782669
229	1507	198.042598	71.193784
229	350	103.621830	88.878900
230	266	68.296412	60.762783
230	1623	80.746186	56.694069
231	369	151.243661	75.952377
232	1472	137.770037	71.302999
232	253	36.373067	62.609844
232	261	87.746186	61.587552
233	1566	84.846691	64.450814
233	1610	58.396918	68.454471
234	339	195.640578	90.789808
235	1518	134.545124	71.171383
235	1536	115.746186	65.872918
235	283	65.722335	59.378636
236	1533	68.621830	68.362161
236	1578	55.822840	62.348901
236	243	22.023851	63.640608
237	1686	107.722335	65.568761
238	1577	77.497475	67.242852
238	1526	97.994897	75.383764
238	345	153.468521	72.155073
239	322	170.368016	84.252336
239	304	81.420820	72.565044
240	362	138.793887	90.263687
241	1499	130.444619	85.119545
241	1597	44.899495	64.155991
241	297	68.296412	61.423410
242	363	137.918295	83.588634
242	277	101.746186	78.307905
243	1612	22.023851	62.609844
243	257	88.597980	58.638465
244	286	134.195907	82.794557
244	367	177.717233	95.894657
245	1426	249.415718	74.663831
245	367	146.994897	80.839663
245	343	135.568974	67.476719
246	1563	36.023851	65.665764
246	274	103.621830	58.078644
246	1628	66.071552	70.945977
247	1538	124.793887	71.224051
247	266	120.195907	65.968419
247	1615	162.717181	62.587779
248	274	115.219810	63.942624
249	296	91.172057	58.936613
249	315	100.219758	76.728888
250	1539	77.846691	67.185861
250	363	142.568974	68.674536
250	1608	34.148206	68.585648
251	1508	169.167006	65.607159
251	1679	87.746186	63.505802
252	1551	77.172057	67.714428
252	278	92.698485	52.392298
252	1599	48.822840	65.515090
253	1534	141.693382	82.496712
253	1620	26.798990	62.609844
254	381	146.143104	87.341962
255	1594	93.545176	59.404607
255	340	67.272562	71.658767
257	1646	150.717285	66.250784
258	324	80.071552	91.852521
259	654	362.439568	114.961444
260	1590	16.899495	68.585648
260	311	63.172057	63.323555
260	1624	31.248711	69.999931
261	320	60.621778	76.713462
262	1571	77.521273	71.039639
262	1602	26.124356	71.386208
262	348	95.770037	65.668980
264	420	159.444671	101.151285
265	324	124.971047	78.073018
265	344	61.621830	58.402880
266	362	121.568974	80.415563
267	1530	100.722335	69.406544
267	337	146.817738	58.818047
267	1630	68.621830	66.754018
268	316	143.894444	76.400953
268	280	137.243661	71.728192
269	1576	67.947196	95.577410
269	1609	19.798990	96.994743
269	436	190.167006	77.678858
271	332	73.746186	50.915438
271	1622	83.148206	63.662293
272	1585	160.143104	69.880364
272	1632	79.722335	58.499750
272	285	60.597980	53.077279
273	1580	75.621830	62.263002
273	1596	81.597980	64.339346
273	371	92.373067	60.708857
274	293	77.172057	56.951875
275	1529	117.971047	67.901462
275	298	89.621830	58.372056
275	1694	92.195907	65.064973
276	1478	209.468521	70.825907
276	326	70.846691	68.774582
276	1695	123.770037	65.433563
277	1591	183.167006	65.357304
277	1638	150.071552	73.654029
278	1525	213.741083	59.459492
278	288	118.822840	78.333367
279	1600	23.899495	64.155991
279	1637	19.798990	64.155991
279	352	70.846691	55.501516
280	1552	125.296465	76.329076
281	1540	145.793887	69.570752
281	1664	166.119253	84.299005
281	329	111.296465	61.605421
282	303	92.195907	64.646349
282	1656	163.717233	65.358442
283	323	85.870542	56.674830
283	430	200.942093	80.727476
284	528	306.085249	112.902201
285	342	95.770037	54.573728
286	1495	328.286259	82.979210
286	347	106.870542	76.953854
287	291	114.722335	73.694756
287	357	89.296412	93.944147
288	433	166.793887	95.976380
290	1653	58.722335	62.972559
290	338	34.148206	55.053286
291	1541	134.018748	72.728137
291	1611	207.415718	68.430426
292	308	94.923346	63.612085
292	1537	162.367964	68.575579
292	357	126.018696	76.904974
293	1581	90.645681	65.466516
293	1660	26.124356	59.396908
294	1589	60.947196	75.740550
294	295	127.693382	65.130250
294	1661	26.798990	69.985928
295	359	118.119305	73.549204
295	297	82.621830	67.341224
296	1606	39.597980	68.868504
296	1671	26.798990	69.999931
297	1751	224.989847	81.937131
298	314	87.746186	59.607057
299	336	95.095402	61.864058
299	1582	110.444671	63.246624
299	1662	90.296465	61.757810
300	1618	95.095402	69.144321
300	399	115.071552	71.792471
301	319	65.722335	69.606027
302	364	220.066449	89.135993
302	374	116.793835	71.747134
303	424	115.923346	86.095794
304	1642	90.645681	60.588920
304	1627	102.947196	60.151130
305	341	87.746186	82.695634
305	382	122.569026	71.156381
306	1463	291.587774	71.621267
306	1657	83.822840	64.345773
306	366	65.396918	65.886235
307	1570	91.320315	84.819873
307	1658	29.023851	93.914757
307	347	134.693382	79.583415
308	1603	46.597980	72.288368
308	1647	38.923346	72.196831
308	1684	26.798990	72.059525
309	1572	65.899495	61.621478
309	1659	31.923346	62.213515
309	358	82.621830	58.358683
310	1648	48.822840	68.585648
310	351	75.296412	61.819721
310	1616	60.597980	67.086801
311	1672	43.698485	55.999943
311	313	60.947196	57.531276
312	619	325.386764	105.209765
313	360	119.344114	61.700083
314	1598	87.746186	60.091294
314	335	61.798990	59.772001
315	427	130.420820	100.842213
316	368	148.693382	88.181550
317	428	238.841588	87.913207
317	352	103.621830	72.575185
318	1640	94.923346	79.419889
318	1654	51.047701	75.392227
319	1605	48.822840	65.665764
319	373	63.497475	61.918509
320	380	141.018748	83.129580
320	379	104.320263	68.472443
321	331	48.822840	64.623985
321	365	134.018748	76.601037
322	383	96.971047	94.961263
323	1532	160.468521	69.446017
323	1722	69.822840	59.194723
324	406	150.918243	98.866149
325	1557	113.870542	64.470219
325	358	68.296412	58.501897
325	1692	61.621830	64.169477
326	337	83.822840	70.241797
326	372	86.746134	63.677469
327	337	124.119253	82.760767
327	469	162.693382	96.157692
328	1460	215.444671	88.614440
328	391	136.243609	66.013942
328	1680	81.947196	66.659170
329	330	67.947196	69.570895
329	1729	126.669532	67.519387
330	437	147.143156	81.730497
331	1544	195.492320	77.753303
331	1780	151.770037	72.528706
332	1584	112.320315	73.424130
332	1712	55.148206	57.723419
333	402	109.095402	102.262788
334	1604	75.296412	66.701862
334	1677	40.798990	64.155991
334	389	69.822840	57.743100
335	1607	58.722335	65.402769
335	1693	33.124356	71.108952
336	396	78.023851	78.796416
338	1619	208.095454	84.619743
338	1753	109.770037	67.049087
339	546	279.161799	98.978002
340	1631	49.497475	73.123367
340	1697	44.047701	75.392227
341	430	127.344166	91.598885
342	1634	51.047701	67.847371
342	1705	41.822840	59.396908
343	1595	79.722335	74.557594
343	1699	29.023851	75.392227
344	1725	97.994897	62.826316
344	1691	94.923346	61.857963
345	401	105.846691	74.356937
345	1717	63.172057	71.502753
346	1601	79.722335	79.016882
346	1733	162.018748	82.863769
346	414	122.569026	68.770182
347	1748	104.994897	69.671350
348	356	68.798990	60.008100
348	1736	62.822840	60.986621
349	1614	66.396970	73.690582
349	395	112.320315	64.205059
349	1701	31.248711	68.585648
350	356	103.621830	77.154834
350	503	151.420820	94.711549
351	1629	107.722335	66.115458
351	457	142.894392	71.212923
352	390	58.722335	63.857874
353	1439	321.262461	84.669981
353	598	398.606574	81.197414
354	1621	79.722335	64.511667
354	1703	38.923346	64.077295
354	415	82.971047	63.310617
355	1643	70.497475	68.302146
355	1668	70.846691	68.435653
355	441	119.669532	59.915309
356	376	88.420820	55.382861
357	418	125.994897	97.782231
358	467	149.894392	69.755115
359	565	239.339063	86.451732
360	1687	14.000000	69.999931
360	1709	62.148206	69.116004
361	1626	66.396970	56.861681
361	1666	128.894392	72.472184
361	412	95.420820	59.592497
362	477	135.894392	95.946794
363	446	118.994897	97.412584
364	381	118.320263	87.790699
364	450	112.669532	81.394737
365	500	271.090352	88.717175
365	388	99.521325	67.230932
366	1704	186.243661	67.526614
366	480	121.195959	75.802803
367	529	198.717233	97.478910
368	433	143.569026	89.048528
368	458	107.894392	74.328258
369	378	81.420820	66.187471
369	497	115.396970	76.913690
370	1700	33.124356	69.717075
370	1707	44.047701	75.622108
370	432	104.645681	65.387691
371	405	78.521325	71.377223
371	456	107.219758	76.949191
372	1649	77.172057	62.480911
372	1805	95.947196	70.053914
373	448	109.095402	68.012914
373	1755	84.846691	65.020724
374	1665	96.971047	62.897348
374	1787	94.071552	78.847443
375	1613	110.971047	64.158018
375	403	70.846691	58.245299
375	1774	82.296412	63.030306
376	1633	84.846691	64.281481
376	1766	63.497475	61.488882
377	1710	31.923346	58.978536
377	1651	92.870542	65.351328
377	478	88.272562	59.736599
378	1760	96.971047	58.899588
378	1732	96.621830	60.896028
379	1746	51.047701	65.162506
379	1719	36.023851	64.155991
380	411	83.822840	91.699855
380	424	153.468521	97.102300
381	545	206.214707	98.674671
382	384	78.521325	57.350662
382	1730	138.621830	65.161168
383	501	181.143104	96.901677
383	464	100.545176	84.862500
384	1644	84.846691	60.894321
384	1758	82.621830	63.707497
385	1670	96.971047	63.746709
385	456	96.095454	68.964974
385	1726	131.444671	63.736339
386	1617	101.923346	70.372755
386	407	63.846691	61.641721
386	1816	121.545176	61.412682
387	1714	22.023851	57.723419
387	1678	77.172057	66.212710
387	458	89.971047	57.265517
388	1674	87.071552	64.262063
388	1772	118.994897	66.942712
389	490	109.095402	69.869893
390	1744	22.023851	72.689074
390	1737	43.698485	76.681084
391	1681	113.521325	64.810698
391	498	101.746186	69.999931
392	1673	69.822840	69.842789
392	1828	212.042598	82.117563
392	463	138.119253	67.321957
393	412	73.746186	60.632976
393	1682	62.822840	66.726711
393	1756	16.899495	62.609844
394	403	82.124356	59.656222
394	1698	102.095402	68.348426
394	1800	89.971047	67.751754
395	1706	103.621830	64.274348
395	474	78.521325	65.080906
396	398	129.071552	73.154482
397	1636	100.047701	69.000932
397	1823	113.870542	64.347825
397	468	99.521325	64.411190
398	1625	234.913140	77.948809
398	445	78.521325	57.701660
399	596	227.563924	84.535813
399	459	109.770037	68.580065
400	1761	136.746186	66.497295
400	1688	102.770037	58.179825
400	525	117.971047	64.762748
401	410	105.320315	64.456910
401	543	148.693382	79.460276
402	526	148.367964	85.232513
402	528	153.817738	105.328735
403	501	124.119253	85.208857
404	1731	76.148206	60.038783
404	1708	68.296412	74.469395
404	519	121.219758	63.550022
405	475	135.894392	75.935269
406	593	236.439568	97.382866
406	504	124.793887	83.383676
407	477	117.971047	84.319725
407	426	97.296465	64.060255
408	1639	147.344114	68.831662
408	513	119.344114	71.418028
408	1768	125.296465	65.150131
409	1663	101.071552	75.791655
409	429	89.798990	62.002513
409	1795	55.148206	68.585648
410	1728	87.071552	64.067461
410	1762	57.023851	66.919980
411	448	246.693382	83.052633
411	555	122.746186	73.233768
412	499	89.971047	65.484888
413	1807	145.793887	63.933828
413	423	86.722335	53.236271
413	415	57.023851	70.288973
414	438	175.143156	68.633115
414	1841	94.923346	68.673045
415	487	136.243609	82.495798
416	1690	77.846691	58.084197
416	440	130.095402	58.289008
416	1820	83.296465	68.280643
417	1675	86.722335	61.816874
417	472	137.770037	69.302956
417	452	99.521325	63.729527
418	489	106.195907	85.625955
418	626	267.362862	100.732997
420	467	129.071552	85.371305
420	593	161.143156	99.862132
423	1689	89.971047	71.324958
423	1778	26.124356	59.396908
424	558	277.936991	102.320506
425	1683	88.947196	64.417268
425	510	151.592877	70.820330
425	438	116.947196	64.053778
426	492	82.971047	59.365871
426	1635	179.616676	66.263040
427	705	239.693382	105.670551
427	457	135.894392	83.959658
428	469	154.669532	93.488132
428	496	119.669532	77.810932
429	1702	135.545176	71.112336
429	535	91.846691	71.177823
430	454	22.023851	98.994850
431	1735	36.023851	68.585648
431	1791	29.698485	67.125706
431	466	74.597980	58.764663
432	504	111.645681	67.493014
433	594	169.167006	101.186618
434	1711	72.047701	67.355515
434	521	105.320315	61.752890
434	1786	101.746186	67.669763
435	1738	260.339063	79.906769
435	1716	77.846691	69.830341
435	597	133.172057	75.289664
436	1827	122.396970	60.016528
436	485	48.822840	58.777735
437	462	152.267511	90.121594
437	500	219.865491	97.637801
438	440	50.698485	68.989729
439	1720	62.822840	65.541487
439	1781	63.172057	68.901514
439	539	94.071552	59.535964
440	472	146.143104	76.524429
441	1844	227.563924	67.555697
441	465	38.923346	71.108952
442	1667	146.468521	73.564583
442	1797	72.722335	61.171800
442	526	107.545176	63.182868
443	1747	97.645681	67.451059
443	1669	131.444671	85.359415
443	561	99.521325	65.134559
444	1724	65.047701	68.920802
444	1855	116.095402	73.543295
444	547	130.793835	69.934133
445	1767	16.899495	57.723419
445	1848	73.248711	69.899569
446	723	326.736033	99.030130
446	468	130.947196	85.181452
447	1652	178.042651	68.598291
447	1849	146.119305	65.420916
447	496	75.621830	64.658664
448	536	176.516223	77.684905
449	1763	129.219810	69.950003
449	1734	78.521325	64.581910
449	499	93.195959	61.145902
450	556	110.444671	69.152363
450	451	62.148206	64.898489
451	1788	110.444671	58.964472
451	1796	140.320315	66.122137
452	1739	70.846691	74.390722
452	1812	23.899495	71.386208
453	1721	86.396918	60.853541
453	465	87.396970	57.935533
453	1830	60.947196	58.751107
454	651	180.793887	104.746752
454	466	140.172057	77.349324
455	1645	187.267511	67.963345
455	527	70.846691	67.240235
455	1773	144.592877	61.586797
456	564	106.545124	85.206128
457	507	45.923346	70.181171
458	541	79.047701	61.428347
459	1884	229.965944	61.467044
459	1825	111.669479	61.150187
459	470	97.645681	60.344817
460	1655	164.569026	77.040977
460	1818	116.770037	68.394981
460	583	94.923346	68.756334
461	1696	109.420820	69.275172
461	486	53.597980	59.855390
461	1834	63.846691	61.825342
462	509	77.846691	86.230859
462	463	136.746186	76.797196
463	515	93.722335	63.125899
464	511	81.420820	60.659987
464	1789	137.420820	68.564920
465	546	104.645681	89.639666
466	1862	119.344114	69.374121
467	474	97.148206	71.312354
468	495	38.923346	71.108952
469	723	328.109100	100.918606
470	1727	85.521325	70.401260
470	1874	102.095402	82.185438
471	1718	99.195907	66.576930
471	1764	73.071552	75.194895
471	537	62.822840	57.704674
472	480	103.971047	86.081336
474	578	86.722335	61.631381
475	1815	52.923346	88.223404
475	1804	38.248711	88.543686
476	1742	75.971047	71.695721
476	1803	113.521325	65.656325
476	563	75.621830	71.026226
477	713	276.061346	100.514089
478	494	89.621830	67.845149
479	1650	224.315212	76.705704
479	580	121.219758	73.574056
479	522	88.947196	57.237940
480	577	177.391815	87.520171
481	1676	142.195959	78.913061
481	1813	16.899495	71.386208
481	589	139.143104	69.074899
482	1785	36.698485	71.386208
482	493	75.971047	64.930706
482	1822	24.248711	70.924115
483	1752	118.320263	78.304702
483	495	142.545176	62.732108
483	1839	39.597980	61.024529
484	1715	101.396970	74.581267
484	1883	97.645681	80.348509
484	567	145.793887	64.124729
485	1776	140.344114	63.555839
485	623	115.071552	74.485501
486	1754	104.645681	61.055479
486	568	77.846691	64.245134
487	575	96.971047	75.316675
487	545	160.817738	90.707166
488	1798	108.746186	67.711121
488	1765	80.746186	64.929497
488	587	96.971047	65.432227
489	531	106.521325	66.170445
489	530	92.870542	71.308279
490	503	146.296465	85.484644
490	616	123.444619	70.277546
491	1749	92.521325	68.362461
491	1782	67.947196	61.550508
491	604	113.870542	58.739145
492	1793	51.722335	74.257797
492	1847	31.923346	61.024529
493	1743	99.870542	65.873584
493	620	129.569026	69.337977
494	594	164.066449	83.615600
494	521	95.095402	71.386208
495	551	77.846691	67.592061
496	572	80.071552	62.261542
497	513	75.971047	83.139756
497	552	95.095402	77.294056
498	544	86.396918	79.314153
498	585	80.071552	63.691010
499	662	137.770037	83.097172
500	538	75.296412	100.093272
501	677	215.965944	101.802940
502	1685	264.114150	72.547695
502	589	124.444671	74.630926
502	590	99.870542	63.866807
503	690	165.770037	105.899887
504	603	88.947196	69.051450
505	1869	97.645681	62.374414
505	1792	44.047701	66.193719
505	548	70.846691	57.418477
506	1784	60.947196	64.738569
506	1833	73.746186	67.361895
506	634	131.119253	60.076996
507	520	83.822840	55.370716
507	1870	173.267511	67.422585
508	1745	106.521325	62.406120
508	1856	128.894392	73.725285
508	553	79.722335	58.741463
509	569	106.195907	83.967476
509	639	112.320315	68.614286
510	1837	67.597980	74.207982
510	1829	91.497475	80.222774
511	1810	113.521325	66.044576
511	1888	70.521273	67.284514
512	550	81.272562	88.741525
512	629	198.391815	95.124830
513	622	136.918243	86.999564
514	1777	51.899495	71.747097
514	557	93.722335	65.483421
514	1860	22.023851	75.392227
515	1836	48.148206	68.585648
515	1853	16.899495	68.585648
516	1821	76.822840	69.908387
516	1808	100.545176	68.063963
516	615	73.396970	60.053553
517	1723	139.119305	74.511728
517	518	62.822840	67.478233
517	1920	147.693330	82.527883
518	1912	152.971047	69.499146
518	547	92.373067	71.978994
519	1750	250.439568	75.340101
519	633	111.320263	71.785742
520	1775	74.947196	69.016876
520	1891	47.124356	62.789700
521	621	89.971047	60.215145
522	1840	178.569026	85.381565
522	1881	56.172057	57.723419
523	1817	56.497475	56.609484
523	1770	99.195907	63.298110
523	658	130.243661	49.123001
524	1806	51.722335	80.423798
524	534	116.272562	63.065900
524	1892	72.746134	74.114754
525	637	148.367964	77.789976
526	632	94.071552	66.060729
527	601	107.545176	61.385453
527	641	98.172057	74.154957
528	740	212.717233	114.873486
529	698	158.243661	101.586647
529	591	162.344166	82.604864
530	1799	156.368016	71.908281
530	588	65.047701	57.903275
531	1814	114.722335	62.166454
532	1783	80.071552	67.266263
532	1902	55.822840	68.944205
532	548	71.698485	55.874975
533	1851	52.923346	78.477370
533	1769	107.219758	79.272310
533	657	155.717181	63.476868
534	1852	84.846691	53.566517
534	553	81.597980	59.105430
535	543	159.621830	85.981263
535	607	111.994897	78.866170
536	1771	102.095402	71.806401
536	608	63.172057	65.761832
537	544	104.822840	72.784664
537	648	102.420820	67.542421
538	558	185.042651	102.219159
538	613	170.717233	81.984864
539	574	92.195907	60.789461
539	676	142.219758	75.895217
541	1794	181.817738	65.024115
541	1929	119.344114	66.679213
543	570	82.971047	87.757073
544	720	264.611625	85.475713
545	668	229.439568	98.484616
546	668	180.817686	97.229921
547	691	170.066397	87.155463
548	666	110.645629	71.278746
549	1846	58.722335	66.344777
549	1809	97.645681	73.667353
549	645	95.770037	56.655366
550	580	162.344166	88.824296
550	645	95.095402	70.521015
551	581	85.870542	66.736821
551	1897	105.497475	65.171517
552	567	116.095402	75.329962
552	674	133.143156	63.420621
553	700	193.066501	88.529239
554	1857	121.568974	69.305850
554	1875	135.219758	71.871589
554	684	104.822840	65.874770
555	573	72.047701	60.278803
555	611	58.722335	58.349267
556	1835	116.095402	72.549496
556	1933	104.320263	75.535766
557	1779	145.119253	65.757562
557	631	62.822840	67.495290
558	651	269.889342	109.561659
560	1790	138.119253	78.036824
560	1908	53.272562	64.859470
560	625	129.219810	65.207803
561	625	66.071552	68.963042
561	1975	143.592825	68.871574
562	1713	205.042598	65.160973
562	591	70.846691	64.070861
562	1958	127.693382	67.178674
563	618	105.846691	67.299922
563	679	109.095402	74.296461
564	604	111.645681	75.292858
564	704	173.616728	90.806540
565	617	131.793887	89.401309
565	699	286.640578	101.545691
566	1759	143.569026	78.143683
566	1927	101.746186	66.885285
566	644	120.344166	69.101064
567	1826	211.190805	70.936281
568	584	122.396970	64.401361
568	667	94.071552	80.819180
569	696	139.817738	71.795606
570	1865	19.124356	81.615318
570	609	95.770037	89.635598
571	1854	23.899495	74.390722
571	603	99.870542	61.637154
571	1935	63.172057	71.386208
572	1882	82.971047	60.694397
572	1921	123.420820	61.650871
573	1886	143.396970	72.792248
573	1917	107.894392	63.424225
574	1887	57.698485	72.389900
574	1899	22.023851	62.609844
575	576	80.396970	57.751332
575	1918	152.119253	63.043394
576	1811	91.172057	68.402823
576	1900	31.923346	64.155991
577	670	132.119305	77.620010
577	652	90.320263	92.800706
578	1910	141.870542	72.861003
578	1911	100.722335	64.938181
580	719	190.516223	88.976611
581	1872	19.798990	69.999931
581	1947	96.645629	69.999931
582	1858	50.373067	63.592755
582	1904	69.822840	69.528503
582	685	99.870542	69.020766
583	685	229.942145	80.615087
583	661	97.320263	80.662067
584	1876	123.420820	72.133698
584	1893	30.899495	68.001671
585	1963	94.420768	64.595412
585	1906	101.746186	59.335819
586	1889	16.899495	68.585648
586	669	95.420820	65.180092
587	653	58.722335	74.819939
587	602	106.521325	64.329540
588	1878	40.798990	59.153554
588	1981	95.621778	66.033197
589	671	66.248711	86.145682
590	1890	58.722335	68.918762
590	1944	60.272562	68.180614
591	643	73.396970	64.109363
592	1879	78.023851	60.014782
592	1913	92.870542	58.442736
592	633	109.095402	61.634779
593	892	319.587774	119.408774
594	725	179.267459	103.141714
595	1850	141.693382	77.378820
595	1873	104.645681	64.676079
595	656	99.195907	62.656251
596	622	168.143156	90.844727
596	778	229.965944	80.066050
597	683	128.894392	72.575967
597	659	158.420820	86.168763
598	660	107.545176	62.419087
598	623	66.396970	80.221286
599	1757	173.267511	77.134348
599	1934	77.497475	66.560154
599	675	77.846691	60.120295
600	1842	57.023851	68.996230
600	1950	45.923346	75.392227
600	615	119.320315	62.602284
601	1866	44.047701	63.204174
601	1943	36.023851	62.609844
602	1831	91.846691	68.104213
602	1977	85.521325	65.591155
603	678	71.521325	61.918509
604	672	65.722335	59.152291
605	1880	143.918243	72.128816
605	644	85.870542	67.005683
605	1863	137.420820	69.190055
606	656	130.095402	63.963052
606	1903	36.023851	71.386208
606	1930	58.047701	68.501434
607	646	124.119253	76.417320
607	714	102.947196	66.587844
608	2021	300.960893	80.373892
608	707	102.420820	67.266114
609	647	109.770037	91.091407
609	780	539.453265	112.350579
610	661	196.492372	85.347331
610	630	92.023851	90.641744
610	624	137.095402	72.542443
611	1885	87.923346	57.634126
611	1937	125.994897	66.178308
612	1877	119.669532	70.594988
612	1924	83.296465	63.896828
612	640	89.621830	57.309740
613	614	72.899495	57.301725
613	649	59.396970	58.902702
614	1867	77.846691	55.470489
614	1942	92.870542	64.546532
615	650	44.047701	68.831143
616	665	85.521325	59.103479
616	1959	90.645681	70.388212
617	691	177.717233	88.610925
617	710	148.367964	77.600508
618	1845	70.497475	64.601621
618	1960	47.124356	71.188168
619	673	116.095402	89.586348
619	705	117.119253	109.704668
620	628	109.770037	71.121449
620	693	80.746186	63.462581
621	1928	60.597980	55.955704
621	695	89.645629	62.299681
622	725	317.013697	104.940120
623	751	196.516170	89.500089
624	1819	128.545176	65.578122
624	638	43.023851	57.723419
625	709	97.645681	77.026796
626	690	126.320315	102.025237
626	746	151.592877	88.896890
627	1895	53.272562	67.054191
627	692	111.320263	66.890357
627	1936	34.148206	60.617623
628	654	168.166954	95.002020
628	634	72.047701	70.141514
629	733	229.439568	95.149439
629	636	114.722335	84.742315
630	662	146.645681	93.353727
630	730	114.219758	80.269261
631	720	120.344166	78.392536
631	1965	320.937043	71.078933
632	1894	107.047701	63.508199
632	716	99.195907	59.075958
633	855	228.066501	91.791768
633	721	93.545176	65.224278
634	2147	276.889342	72.773943
635	1896	33.124356	69.999931
635	711	111.994897	62.313380
635	1945	19.798990	69.999931
636	1824	156.894392	63.915853
636	694	51.047701	67.816237
637	1915	133.497475	75.780458
637	743	109.947196	75.002761
638	1991	171.042651	72.422357
638	1938	143.569026	64.241609
639	1932	109.095402	59.599820
639	1964	108.219810	56.519491
640	676	193.918295	77.806348
640	701	97.645681	60.290283
641	851	206.894444	86.342979
641	663	103.621830	65.233160
642	1919	19.124356	68.585648
642	1957	65.722335	67.113248
642	702	77.521273	66.458727
643	1801	213.717285	68.716667
643	1982	48.497423	57.024031
643	2018	97.320263	63.592892
644	741	102.947196	78.101534
645	722	78.698485	55.379581
646	1859	171.042651	74.078226
646	736	164.391867	76.908620
647	684	476.807584	92.775063
647	779	135.894392	84.187441
648	1939	16.899495	75.392227
648	1954	36.698485	75.392227
649	1898	98.521273	62.710626
649	1988	72.396918	62.358125
650	652	141.344166	77.677009
650	731	92.195907	63.861675
651	830	316.511120	120.628392
652	698	136.569026	101.460196
653	717	111.119305	68.667201
653	740	190.167006	93.784583
654	781	138.296412	118.447152
655	1871	166.942145	67.051235
655	1953	78.698485	60.540877
655	719	119.320315	67.894186
656	764	149.042598	72.161435
657	2014	118.994897	52.149765
657	658	161.817790	57.130056
658	1931	31.923346	50.895539
658	757	193.090300	63.920611
659	667	99.698485	88.007628
659	742	88.947196	76.871130
660	1864	121.894392	62.785300
660	2000	142.368016	64.979601
661	768	121.195959	71.521874
662	771	239.516223	101.474398
663	1909	80.396970	71.026468
663	1996	56.172057	71.966960
664	1925	36.698485	67.699716
664	689	64.023851	59.836032
664	1976	73.071552	67.771099
665	1901	58.047701	67.882882
665	2010	69.822840	67.081545
666	755	120.344166	68.989091
666	673	107.396918	78.407155
667	769	215.616728	88.284071
668	961	466.926785	114.670643
669	1967	129.569026	69.367784
669	753	114.894392	71.005699
670	2024	207.420820	72.730946
670	688	24.248711	69.999931
671	703	109.095402	71.028287
671	832	188.817738	92.291217
672	1968	116.770037	65.979175
672	2038	131.793887	72.827077
673	712	140.344114	73.770731
674	1948	62.148206	58.848320
674	2004	68.296412	69.508834
675	1966	136.746186	63.646441
675	744	73.923346	69.899257
676	771	111.994897	92.506607
677	761	179.592877	95.264285
677	830	183.367964	115.437252
678	1997	91.846691	67.205161
678	1984	84.846691	60.939705
679	754	129.569026	72.206243
679	692	26.124356	81.633240
680	1838	185.066449	67.843533
680	712	58.047701	69.165083
680	734	128.568974	64.489625
681	1962	43.698485	55.999943
681	706	93.545176	60.378315
681	682	16.899495	55.999943
682	1922	78.195907	61.615695
682	2011	51.722335	61.538865
683	2006	100.545176	73.895394
683	1985	39.597980	65.363809
684	728	85.521325	72.834707
685	767	142.918191	72.310915
686	1949	126.320315	84.867056
686	1916	139.468521	73.418384
686	759	95.095402	69.991529
687	1868	122.219810	67.058975
687	1941	132.296465	71.862388
687	773	102.420820	73.805531
688	1861	143.243609	70.786534
688	745	69.822840	60.969171
689	1926	148.870542	68.965543
689	709	126.320315	69.752713
690	1007	387.534970	118.356504
691	885	240.214655	87.080213
692	713	193.095402	85.325584
693	2048	99.870542	69.537348
693	1946	90.645681	65.769157
694	748	142.545176	61.488131
694	724	95.420820	60.062536
696	1905	174.468521	73.412325
696	2061	86.722335	67.787686
697	1951	30.899495	69.999931
697	703	80.746186	56.016539
697	1990	16.899495	69.999931
698	994	424.429311	114.186249
699	776	143.243609	87.127811
699	704	122.746186	96.097897
700	727	156.545176	99.872614
700	751	405.582776	103.752368
701	1989	21.000000	67.855677
701	2008	53.947196	68.099000
702	708	79.899495	66.969261
702	788	143.569026	73.565054
703	2026	100.545176	53.107814
704	733	173.267511	99.661141
705	949	274.865439	117.026906
706	1914	287.138053	73.758572
706	756	99.545124	68.991669
707	2007	55.822840	73.444638
707	2023	80.746186	84.203920
708	1956	68.296412	73.851571
708	2025	29.023851	69.999931
709	852	170.717233	90.206108
710	711	36.698485	67.398596
710	2119	153.994897	64.528537
711	747	129.219810	66.710708
712	2079	134.521325	69.173896
713	908	214.942093	104.908254
714	1999	96.971047	64.065265
714	2022	48.148206	66.736860
715	1907	129.918243	63.195477
715	729	109.095402	64.453411
715	730	92.698485	65.452185
716	1995	77.846691	69.182730
716	2031	56.172057	67.530041
717	1980	94.746186	67.543986
717	2118	150.243609	73.878273
718	1983	31.923346	65.665764
718	2032	130.770037	74.364104
718	763	66.071552	61.825342
719	848	149.219758	75.392227
720	803	141.545124	89.069138
721	2019	102.095402	69.088727
721	2047	88.420820	68.461253
722	2039	60.947196	65.088415
722	2067	113.545124	70.339498
723	809	101.071552	105.937778
724	2041	70.846691	64.512312
724	749	69.148206	62.281438
725	982	336.659326	108.654245
726	728	190.344166	79.476085
726	2074	265.937095	83.150884
726	2060	238.989847	85.171052
727	786	164.592825	86.326800
727	766	129.569026	90.744575
728	2142	180.444671	82.739906
729	1992	26.798990	71.386208
729	787	99.545124	78.409982
730	2128	153.492320	71.203169
731	2066	100.195959	61.895351
731	2054	134.018748	67.342238
733	870	243.439568	105.745097
734	1970	75.296412	71.212923
734	2040	29.023851	69.999931
735	765	107.894392	60.528139
735	2013	95.597980	71.827567
735	2012	95.947196	70.387880
736	758	201.267511	84.204221
736	2051	80.071552	76.796766
737	1973	105.669532	64.017684
737	779	82.971047	69.421680
737	2035	69.822840	62.199388
739	1974	99.870542	68.827267
739	2016	71.521325	67.380105
739	805	89.971047	58.345306
740	961	229.793887	119.075968
741	856	178.717285	87.146300
741	797	85.870542	66.315364
742	2029	127.870542	65.192775
742	2162	185.391867	71.426298
743	873	183.190805	69.437998
743	2234	313.611625	79.810500
744	815	109.770037	67.362917
744	817	127.693382	79.121790
745	2065	109.420820	65.200249
745	2089	106.545124	72.935128
746	788	118.645681	81.447075
746	796	128.894392	76.683348
747	1969	97.994897	80.797502
747	2127	126.669532	77.083170
748	2003	43.373067	67.983408
748	2058	36.698485	65.665764
748	2081	58.722335	67.751395
749	2027	47.798990	69.595850
749	2059	34.148206	73.690582
750	1971	84.846691	59.805137
750	789	95.095402	65.063289
751	769	165.942093	98.364310
752	2017	75.971047	63.052886
752	1979	93.545176	72.652700
752	845	93.722335	60.939705
753	761	109.947196	80.432934
753	820	70.497475	68.146078
754	762	97.645681	62.247042
754	821	99.545124	67.883681
755	822	65.722335	61.373995
756	840	164.918243	81.804206
756	841	106.870542	61.564020
757	792	148.693382	66.609881
757	766	225.315265	82.754196
758	2043	117.095454	93.764849
758	2044	29.023851	93.914757
759	2148	158.942093	77.726457
759	827	144.793835	74.191618
760	1994	98.320315	73.631607
760	2037	58.047701	59.609767
760	818	72.396918	64.392449
761	831	158.267459	86.775489
762	2056	114.545176	73.292201
762	2057	50.698485	61.399174
763	776	145.793887	66.884380
763	807	75.971047	57.184630
764	799	124.444671	84.159713
764	800	121.894392	72.127889
765	790	125.645681	68.761765
765	778	112.846691	69.185247
766	826	91.870490	72.576246
767	2161	240.889290	89.102906
767	2069	133.846691	75.199115
768	2102	142.368016	71.418846
768	2070	107.722335	59.053542
769	803	251.114202	96.551834
770	2062	88.272562	62.148095
770	1986	99.545124	69.238409
770	862	109.770037	65.009193
771	926	244.989795	98.603222
772	1955	104.822840	69.512827
772	2071	40.798990	67.589680
772	816	70.497475	55.744926
773	879	220.391867	86.039910
773	829	118.994897	78.002850
774	1952	137.420820	69.205856
774	831	87.746186	74.833999
774	2137	131.971047	64.303766
775	2002	70.846691	64.717753
775	2106	103.296412	64.427394
775	796	89.971047	55.790757
776	901	212.214655	77.080694
778	842	107.894392	70.753536
779	834	96.621830	75.475417
780	877	158.942093	101.190582
780	1012	404.233507	116.227780
781	892	150.243609	123.294546
781	808	192.066449	107.112971
782	1978	132.143104	67.318954
782	2073	94.746186	56.056702
782	839	78.195907	62.422837
783	800	165.095402	84.493636
783	1923	214.267459	70.752406
784	2030	128.219758	64.175203
784	890	124.119253	78.223033
784	2145	182.492372	64.560416
786	843	139.143104	77.123408
786	859	99.870542	70.675417
787	2083	38.923346	82.825035
787	2091	38.923346	82.825035
788	883	74.597980	69.813517
789	799	119.172057	80.122887
789	811	178.219810	71.016739
790	2028	129.219810	82.795368
790	2153	104.994897	68.399137
791	2034	103.971047	67.307351
791	2090	102.947196	71.294674
791	825	43.373067	57.723419
792	793	84.846691	53.144769
792	2194	410.434413	81.216925
793	2042	45.923346	56.861681
793	2123	58.722335	60.081354
794	2052	95.095402	77.086572
794	861	82.296412	65.262929
794	2087	28.000000	70.826096
795	2001	123.420820	73.524584
795	2088	74.597980	65.089326
795	880	85.870542	61.628534
796	884	92.195907	62.398421
797	2098	89.971047	60.541338
797	857	67.947196	57.239650
798	2020	106.195907	65.316617
798	871	93.545176	57.112788
798	2110	80.420768	77.102691
799	933	432.056348	92.137288
800	916	130.243661	61.835467
801	2015	96.971047	66.933906
801	2205	342.138001	77.138989
801	843	67.597980	69.830341
802	2053	56.497475	67.731961
802	2076	55.822840	67.686437
802	904	102.770037	64.749870
803	863	87.420768	109.748027
804	2036	83.645681	66.681110
804	814	102.420820	64.947826
804	2157	97.320263	66.235030
805	2112	254.717233	68.715398
805	889	70.846691	69.606027
806	2077	82.621830	68.763284
806	2114	121.894392	62.776595
806	835	73.071552	55.338460
807	2078	24.248711	61.024529
807	2152	85.195907	68.594704
808	931	177.042598	87.576198
808	856	103.621830	93.948956
809	949	174.817738	114.557719
809	893	191.540073	103.272220
811	2005	116.770037	68.592629
811	2220	221.741135	75.982139
812	2235	314.434517	82.387641
812	827	130.420820	79.483206
813	2075	158.592877	71.220856
813	814	95.947196	68.031621
813	876	97.320263	61.348919
814	846	219.545176	83.076887
815	2095	42.000000	65.234400
815	2116	55.822840	77.596711
816	817	56.172057	77.287169
816	2094	158.942093	54.091635
817	927	156.042598	82.070466
818	865	131.119253	71.216609
818	897	103.971047	64.835540
819	1940	262.563924	74.848887
819	837	73.923346	54.519259
819	864	121.568974	74.132071
820	2135	109.420820	65.437603
820	2124	115.396970	71.426430
821	2146	60.597980	75.061456
821	2108	34.148206	74.390722
822	2120	33.798990	63.537532
822	2166	89.971047	68.991252
823	2049	75.621830	71.075034
823	2133	91.497475	67.735267
823	902	107.894392	60.701028
824	858	132.468521	70.071902
824	934	123.243661	63.936001
825	842	99.698485	64.815537
825	2134	74.597980	60.360294
826	2068	140.669532	55.078720
826	2101	170.018800	69.628036
827	875	117.645629	84.794847
828	2063	61.621830	65.482154
828	2113	79.047701	63.797791
828	888	89.296412	63.494997
829	2009	144.267459	77.579688
829	928	114.894392	66.155830
829	2149	119.669532	69.094343
830	1007	326.736033	130.562674
831	891	73.071552	85.884768
832	912	122.569026	93.999161
832	921	111.994897	81.449247
834	886	81.420820	65.061554
835	2064	90.320263	66.083229
835	896	88.095402	71.321608
836	2045	149.042598	74.074652
836	2096	112.846691	70.989679
836	910	92.545124	69.642058
837	2046	105.320315	65.245460
837	2195	98.172057	62.625591
838	2105	66.923346	66.731680
838	2072	66.071552	69.771708
838	923	79.047701	58.215468
839	931	135.894392	76.802743
839	932	105.320315	67.624086
840	893	137.770037	88.265320
840	902	91.846691	79.425611
841	2159	53.947196	60.090991
841	2099	72.722335	67.403795
842	2216	190.190805	75.148172
843	2189	161.817790	73.989000
844	849	140.669532	91.168073
844	875	193.066501	87.224339
844	845	116.770037	74.772418
846	850	131.971047	78.658895
846	890	128.894392	91.704248
847	2080	52.248711	57.230997
847	2186	95.095402	68.881693
847	871	83.822840	60.161836
848	2121	142.219758	75.050565
848	964	114.047701	71.058867
849	889	129.219810	83.741703
849	898	299.937043	106.662968
850	1993	162.344166	73.674284
850	943	84.497475	59.179356
851	881	83.296465	85.154666
851	970	116.947196	89.493293
852	864	155.344166	96.062494
852	866	263.913192	106.896414
853	2055	116.770037	73.404589
853	899	72.722335	62.040843
853	885	160.817738	72.553449
854	2097	99.870542	64.443070
854	891	95.947196	60.379848
854	2151	85.195907	61.538062
855	912	161.669532	96.682373
855	947	121.568974	87.182944
856	940	100.545176	84.461297
857	2109	31.923346	64.155991
857	2141	29.698485	64.155991
858	2279	185.569026	79.371724
859	2100	53.947196	55.943330
859	914	53.947196	58.823789
860	909	92.195907	76.440388
860	862	143.071552	78.552441
861	2092	128.568974	73.754773
861	917	87.420768	68.824566
862	863	191.219758	89.540404
863	937	195.965996	109.139242
864	879	46.272562	88.279924
865	945	271.764986	84.913932
865	882	94.071552	60.269430
866	939	609.448163	108.312658
866	972	189.865387	100.145486
867	2085	59.923346	79.488119
867	2158	29.023851	80.423798
867	922	106.870542	72.326871
868	2125	52.248711	57.636652
868	2126	67.947196	64.369891
868	930	80.746186	57.163328
869	2086	60.597980	62.551784
869	2184	80.746186	66.528075
869	884	57.023851	57.077116
870	948	164.066449	92.417356
870	908	112.846691	111.075621
871	956	108.219810	79.281966
872	2122	104.645681	64.989016
872	894	52.923346	57.942932
872	2167	90.645681	60.649599
873	2247	157.219810	73.636542
875	1019	190.516223	81.070675
876	2170	46.272562	69.717075
876	2129	26.798990	66.748262
877	918	141.521325	91.284854
877	910	109.420820	84.259409
878	2130	102.770037	66.932684
878	2104	101.769985	72.239445
878	989	112.172057	71.874857
879	958	255.889342	90.081290
880	881	83.645681	72.860495
880	944	109.770037	68.379923
881	915	109.095402	73.266929
882	2132	60.947196	65.577457
882	2173	76.822840	64.203299
883	2191	89.971047	68.187728
883	2164	74.597980	65.169334
884	2192	82.971047	64.472721
885	1021	182.817790	80.288753
886	2143	109.597980	67.227117
886	2211	84.497475	70.630057
887	2082	111.645681	69.161327
887	983	248.214707	79.389490
887	909	87.923346	70.693069
888	904	80.746186	71.078146
888	991	219.516275	75.384873
889	969	83.822840	60.015629
890	945	161.669532	88.396335
891	980	103.971047	66.646460
892	1163	377.640578	133.526026
893	956	106.870542	91.859171
894	2111	106.545124	66.770392
894	967	91.846691	64.704999
895	2084	102.770037	69.954681
895	968	94.746186	71.701028
895	2093	135.219758	73.517145
896	952	173.616728	82.424783
896	988	98.172057	63.525681
897	925	70.172057	66.924526
897	2171	36.698485	65.363809
898	1054	531.974486	107.938577
898	999	184.391815	94.413937
899	2138	79.722335	67.774371
899	2273	219.214655	80.477896
900	2140	80.396970	62.915601
900	901	35.000000	53.171834
900	2193	126.669532	79.749451
902	966	61.798990	57.902002
904	918	58.047701	77.660936
905	2115	94.746186	67.850965
905	2182	109.095402	60.410563
905	936	75.621830	64.203287
906	2136	98.320315	69.677048
906	2174	104.669479	64.780188
906	929	43.698485	58.220304
907	2107	99.870542	63.325224
907	2175	104.296465	61.582414
907	940	84.846691	67.299411
908	1066	377.783734	121.869795
909	1004	110.971047	64.109427
910	959	85.870542	67.488997
911	2131	58.047701	63.476122
911	2172	79.047701	62.406302
911	978	87.071552	57.775264
912	1048	221.764934	108.160267
913	2139	96.971047	63.825773
913	2165	86.195959	63.910087
913	941	89.621830	58.886653
914	2154	89.621830	64.692693
915	2150	206.066449	77.136056
915	2260	162.870542	71.880271
916	2160	73.923346	63.595990
916	2283	162.344166	72.140944
917	968	123.444619	79.235178
917	1011	93.047701	67.833262
918	998	89.621830	65.808968
919	2144	55.822840	63.460512
919	957	78.195907	66.448988
919	2252	179.942093	63.728698
921	962	87.071552	71.031469
921	922	92.195907	70.049274
923	2262	162.717181	71.787306
923	947	102.095402	72.095712
924	2155	67.272562	53.219293
924	2198	112.497475	61.662363
924	985	75.971047	61.071307
925	2176	26.798990	68.585648
925	2201	16.899495	68.585648
926	951	141.344166	95.890003
926	1012	201.965944	100.768975
927	970	70.521273	85.560418
927	960	109.420820	76.690879
928	2190	148.367964	76.965816
928	2269	120.521325	78.646805
929	1000	125.994897	67.613298
930	981	95.095402	59.373974
930	974	117.296412	68.863892
931	1018	115.420768	77.742693
932	2188	36.698485	69.999931
932	2215	63.846691	66.904097
933	955	45.923346	93.390079
933	1031	259.989847	101.986896
934	2179	26.798990	69.999931
934	2242	74.597980	74.958196
935	936	96.621830	63.615556
935	2156	77.846691	64.493921
935	2236	89.971047	65.233115
936	987	143.569026	74.536041
937	957	192.741083	88.403133
937	1086	441.955843	109.809230
939	994	148.870542	112.025935
939	974	412.635476	89.898548
940	1030	101.923346	71.799925
941	948	163.545176	74.829663
941	963	60.947196	69.351715
943	2213	82.124356	64.154374
943	2253	85.870542	68.370258
944	2183	39.597980	71.868391
944	2226	48.148206	75.392227
945	971	72.722335	103.149190
946	2117	99.698485	64.367789
946	960	86.722335	62.964474
946	2246	99.870542	76.287841
947	1029	117.444671	76.075662
948	1009	102.770037	78.987289
949	1187	336.640630	126.133489
950	1972	312.238558	68.812319
950	985	68.621830	71.535973
951	987	164.746186	86.936245
951	1015	116.444619	98.497375
952	978	83.645681	73.976045
952	1015	134.018748	87.656349
953	2187	118.994897	69.470059
953	963	103.621830	61.893725
953	2276	122.769985	70.853943
954	2203	30.899495	69.999931
954	2209	16.899495	69.999931
954	1038	103.621830	63.660812
955	982	160.994897	109.681291
955	990	170.722335	91.420860
956	1043	165.942093	87.446655
957	986	98.846691	74.033646
958	989	136.918243	86.269461
958	1079	140.497475	80.968202
959	2245	94.420768	66.350743
959	2254	140.669532	67.827710
960	979	70.846691	64.061172
961	1048	148.018748	115.269032
962	2163	82.621830	67.387020
962	2299	139.119305	68.125378
963	1010	90.320263	58.858323
964	2354	245.812687	84.011213
964	2219	94.071552	81.110802
965	2178	88.420820	66.773154
965	2204	57.023851	72.389900
965	1044	112.846691	58.041452
966	2232	78.698485	62.541031
966	2257	97.645681	67.749097
967	990	125.994897	75.217844
967	997	78.195907	69.067757
968	1047	147.693330	86.003562
969	2243	108.746186	71.544209
969	2238	78.195907	57.562536
970	1086	204.190805	95.681085
971	1027	124.444671	94.567163
971	1054	234.042651	97.873359
972	1000	79.047701	85.708277
972	1033	119.669532	83.461534
974	995	127.195907	80.491507
975	2185	53.597980	71.386208
975	2214	71.698485	68.230762
975	1008	43.698485	64.587954
976	2221	14.000000	67.109095
976	2180	64.698485	68.585648
976	1032	74.947196	62.199130
977	2169	88.420820	62.383625
977	2284	206.391867	72.934803
977	986	74.597980	67.863598
978	1025	97.645681	59.662901
979	2202	77.846691	64.339191
979	2266	89.645629	65.766860
980	2223	98.320315	72.222773
980	1049	111.994897	61.806610
981	2229	67.947196	63.491456
981	2275	83.645681	68.082360
982	1066	233.540073	118.347137
983	2206	96.621830	87.204232
983	2293	107.545176	73.385424
984	2207	121.894392	51.610887
984	2210	363.310058	58.386204
984	1003	56.172057	52.002874
985	1069	133.669532	80.887465
987	1036	104.994897	69.603657
988	2244	92.521325	60.342785
988	2239	43.698485	67.847371
989	1035	133.693330	81.716772
990	1039	77.846691	92.003150
991	2225	51.722335	79.585203
991	2249	39.597980	80.423798
993	2212	46.272562	63.529698
993	1005	97.822840	60.207527
993	2281	95.095402	73.810061
994	1185	440.281156	119.464638
995	1088	298.587774	80.786061
995	1042	102.444619	68.737458
996	2177	84.497475	62.689194
996	1017	72.722335	56.951875
996	2282	99.195907	67.411608
997	2227	163.042598	67.810352
997	1034	90.645681	69.401951
998	2296	125.119305	65.548614
998	2237	68.798990	60.980808
999	1016	74.947196	83.580327
999	1071	127.545124	74.946285
1000	1081	223.640578	87.672529
1001	2197	61.124356	64.929497
1001	2263	74.947196	68.254154
1001	1018	111.296465	63.396222
1002	2224	50.373067	58.560163
1002	2228	59.923346	69.328289
1002	1057	88.272562	65.792474
1003	1045	138.793887	71.239951
1003	2350	214.764934	51.869121
1004	2343	146.320263	80.585024
1004	2265	65.722335	67.615185
1005	1014	76.148206	64.852147
1005	1047	104.994897	79.419101
1006	2222	51.047701	68.585648
1006	1016	148.698485	67.269475
1006	2271	111.645681	71.601831
1007	1163	346.884239	134.489512
1008	1029	99.545124	64.655132
1008	2300	85.521325	62.573651
1009	1017	75.621830	71.750969
1009	1050	77.846691	71.045424
1010	2208	140.143156	67.787480
1010	2268	21.000000	55.999943
1011	2280	45.923346	71.386208
1011	2250	29.023851	64.805088
1012	1141	357.635528	116.296433
1014	2199	141.367964	65.132647
1014	1046	66.071552	57.723419
1015	1117	238.315212	93.224238
1016	1024	119.320315	74.494207
1017	1022	90.645681	62.798657
1018	1065	86.195959	64.884924
1019	1058	87.746186	67.354848
1019	2285	170.894392	66.336690
1021	2442	336.161851	88.787625
1021	2319	233.190857	87.422988
1022	2231	48.148206	71.155162
1022	2339	113.195907	71.279571
1023	2233	91.172057	49.616820
1023	2264	105.497475	58.973066
1023	1084	98.521273	63.430582
1024	2196	134.018748	68.817660
1024	1092	127.018748	62.994254
1025	1026	88.947196	68.861455
1025	2346	117.444671	67.416257
1026	2240	45.248711	75.392227
1026	2290	41.822840	75.392227
1027	1080	92.870542	76.500105
1027	1072	160.143104	83.094470
1028	2256	55.822840	70.644770
1028	2287	70.846691	70.323110
1028	1072	95.420820	65.668249
1029	1074	75.621830	66.214531
1030	1064	113.545124	70.421419
1030	1051	75.971047	62.480572
1031	1056	165.770037	94.224098
1031	1120	131.971047	89.355631
1032	2294	76.148206	57.223154
1032	1085	73.396970	59.698112
1033	1053	80.071552	71.174152
1033	1041	109.947196	64.543334
1034	1040	168.143156	72.185560
1034	2342	108.071552	64.988555
1035	1105	296.214655	83.248621
1035	2378	375.908089	83.277542
1036	1059	114.894392	68.909299
1036	1062	92.521325	59.800402
1037	2261	46.272562	91.804047
1037	2297	52.923346	80.759238
1037	1082	90.320263	75.606352
1038	1061	94.420768	64.155991
1038	1075	192.569026	81.079798
1039	1095	136.569026	76.547938
1039	1101	119.344114	90.221702
1040	2315	76.822840	70.506002
1040	2303	104.645681	81.346466
1041	2270	46.272562	77.073837
1041	2298	54.798990	66.339825
1042	2325	97.994897	65.233173
1042	2301	103.971047	64.052682
1043	1052	73.071552	67.434149
1043	1109	106.195907	74.255882
1044	1076	95.095402	60.021504
1044	1056	117.621830	74.433116
1045	1077	131.971047	84.617309
1046	2295	33.798990	64.737517
1046	2332	63.172057	65.482154
1047	1128	123.420820	98.240456
1048	1141	177.391815	119.821979
1049	2274	95.947196	69.199330
1049	2337	85.870542	67.021791
1050	2320	162.693382	68.741559
1050	2326	166.621830	69.130827
1051	2267	53.272562	69.227764
1051	2348	62.822840	66.370819
1052	2302	151.243661	61.325378
1052	2321	149.894392	63.979963
1053	2255	118.320263	65.314840
1053	2427	250.114150	79.041438
1055	2291	26.798990	69.292789
1055	2317	24.248711	69.999931
1055	1082	83.822840	66.058475
1056	1075	118.994897	83.358657
1057	1101	127.870542	78.142668
1057	1083	84.846691	76.849544
1058	2351	230.788837	83.339217
1058	2344	99.521325	68.037946
1060	2307	74.947196	67.054995
1060	2308	37.899495	66.851404
1060	1094	74.947196	59.653239
1061	1067	102.770037	59.729193
1061	2374	240.368016	79.935130
1062	2334	108.746186	62.571015
1062	2365	92.195907	65.315538
1063	2241	117.645629	71.892307
1063	1112	80.746186	57.086738
1063	2359	101.071552	68.411484
1064	2288	49.497475	79.585203
1064	2353	48.822840	80.423798
1065	2340	82.971047	59.854534
1065	1089	34.148206	71.903877
1066	1187	302.836538	127.116177
1067	2277	80.746186	64.409321
1067	2362	109.095402	77.502877
1069	1097	236.965944	89.349001
1070	2259	100.545176	68.167812
1070	2312	57.023851	69.823146
1070	1107	66.071552	60.891068
1071	2357	203.841588	67.053199
1071	1103	68.296412	58.191550
1072	1148	127.344166	72.902925
1073	1094	84.497475	60.032713
1073	2324	43.698485	65.665764
1073	2313	48.822840	65.414135
1074	2309	62.822840	64.070861
1074	2352	85.195907	75.567756
1075	1136	130.243661	62.641151
1076	2330	73.396970	67.876116
1076	2367	87.071552	79.801092
1077	1096	192.918243	83.869202
1077	1130	111.994897	73.821892
1078	2286	81.947196	74.859561
1078	1132	84.846691	63.107452
1078	2345	92.195907	62.177172
1079	1106	99.195907	71.120375
1079	2383	229.616728	83.238511
1080	1098	90.645681	58.989928
1080	1108	72.047701	61.485717
1081	1093	46.597980	80.300332
1081	1118	110.444671	73.515140
1082	1123	80.071552	77.611398
1083	2292	121.195959	68.774258
1083	1110	56.172057	65.634655
1084	1156	172.942093	74.035241
1084	1096	131.621830	78.600522
1085	1115	95.420820	59.161123
1085	1097	128.722335	77.545035
1086	1197	270.611573	112.206643
1087	2318	41.822840	75.392227
1087	2338	22.023851	73.628113
1087	1145	95.947196	69.738557
1088	1104	69.822840	68.885776
1088	1113	60.621778	66.810480
1089	2310	41.822840	72.632039
1089	2370	60.597980	81.014220
1090	2289	82.971047	56.009539
1090	1095	61.621830	51.995659
1090	2385	134.693382	67.265652
1091	2311	63.172057	62.633627
1091	2328	58.722335	68.246144
1091	1146	86.722335	62.501347
1092	2377	143.918243	79.378312
1092	2391	109.770037	68.754603
1093	2272	111.994897	69.351518
1093	1135	85.521325	70.265984
1094	1142	71.698485	73.117191
1095	2364	109.095402	61.233883
1096	1183	136.746186	80.746680
1097	1116	137.770037	97.592142
1098	2306	85.870542	73.121861
1098	2372	63.846691	65.934004
1100	2278	145.793887	71.968269
1100	1114	85.373067	65.153356
1100	1109	170.717233	73.131348
1101	1155	157.391867	73.897216
1102	2304	70.172057	61.181564
1102	1121	78.195907	66.370819
1102	1115	103.621830	60.053374
1103	2323	62.822840	69.286435
1103	2379	63.172057	67.638597
1104	2314	72.396918	66.686878
1104	1149	97.320263	70.923273
1105	1122	36.373067	71.694574
1105	2316	237.114202	92.309379
1106	2305	75.621830	75.965052
1106	2407	96.621830	80.852496
1107	1147	107.894392	73.299212
1107	1129	83.822840	61.203281
1108	2356	139.817738	69.033697
1108	2402	104.645681	70.811286
1109	1165	129.569026	65.085675
1110	2355	191.368016	76.628031
1110	2399	100.545176	63.936740
1111	2333	33.124356	57.723419
1111	2415	145.119253	63.666420
1111	1133	82.621830	63.155301
1112	1117	94.071552	77.057152
1112	1159	107.545176	60.842316
1113	2360	61.798990	62.189816
1113	2384	68.296412	64.867345
1114	2349	29.698485	71.386208
1114	2381	43.023851	71.155162
1115	2414	91.497475	62.474482
1116	1174	139.468521	89.187085
1116	1128	195.291362	100.834272
1118	2347	70.846691	69.816144
1118	2373	22.023851	71.386208
1119	2341	51.047701	63.083895
1119	1120	122.569026	61.830052
1119	2404	72.047701	62.850563
1120	1138	129.219810	66.882751
1120	1166	97.320263	74.169478
1121	2409	143.746186	72.577703
1121	2390	131.793887	72.651284
1122	2368	44.047701	68.850241
1122	1131	16.899495	69.528503
1123	1144	124.119253	81.680146
1123	1181	100.545176	74.638641
1124	2361	23.899495	69.999931
1124	2396	68.296412	73.851571
1124	1136	73.248711	59.930008
1125	2363	19.798990	69.999931
1125	2397	53.947196	65.527156
1125	1164	78.521325	61.801389
1126	2329	67.947196	63.704401
1126	1155	87.746186	64.552293
1126	2398	99.195907	71.582673
1127	2322	89.621830	67.487815
1127	1150	75.621830	54.544884
1127	2422	99.195907	63.374816
1128	1153	169.693382	103.038083
1129	2369	19.798990	69.999931
1129	2416	85.521325	69.102391
1130	2327	144.592877	70.477852
1130	2458	188.817738	75.445149
1131	2382	24.248711	67.612353
1131	2405	63.497475	54.461930
1132	1152	63.497475	62.993027
1132	1190	114.894392	75.993564
1133	1154	96.971047	62.487134
1133	1191	204.018748	79.976807
1134	2335	130.420820	66.152725
1134	1147	196.841588	74.757837
1134	2393	115.746186	79.562117
1135	2423	238.315212	84.628428
1135	2432	143.243609	75.939490
1136	2412	95.095402	64.236343
1137	2358	58.722335	74.351056
1137	2392	80.071552	66.065892
1137	1179	66.396970	61.359560
1138	2421	105.846691	61.935076
1138	2429	240.190857	68.526671
1139	2376	19.798990	61.024529
1139	2410	125.994897	72.402292
1139	1150	124.971047	55.906047
1140	2336	75.798990	67.473031
1140	1160	70.497475	64.180044
1140	2425	109.420820	62.817128
1141	1254	371.310110	127.998291
1142	1161	131.971047	76.554174
1142	1162	200.243661	86.021955
1143	1185	160.817738	100.480307
1144	1145	133.669532	76.607566
1145	1182	71.521325	67.455404
1146	1175	84.846691	66.080016
1146	1191	127.870542	74.306319
1147	1204	111.645681	86.685414
1148	2388	94.923346	69.214017
1148	1180	56.172057	68.585648
1149	2389	98.320315	80.918449
1149	2420	67.621778	75.392227
1150	1196	101.420768	75.391800
1151	2387	52.923346	68.585648
1151	2406	22.023851	68.585648
1151	1152	70.497475	58.993547
1152	2418	94.746186	59.891323
1153	1169	261.013697	103.739077
1153	1190	170.368016	88.833850
1154	2366	101.420768	70.549664
1154	2441	111.320263	72.257472
1155	1203	104.320263	68.444281
1156	1195	109.095402	65.694365
1156	1167	108.923346	57.456181
1157	2386	66.923346	60.638936
1157	1168	68.621830	69.129089
1157	1175	85.023851	57.702591
1159	2401	75.971047	70.724163
1159	2461	150.569026	72.404284
1160	2424	206.415665	70.170062
1160	1193	103.296412	71.421722
1161	1170	77.497475	75.392227
1162	1177	187.616728	94.554042
1162	1171	222.119253	94.855062
1163	1258	313.587826	152.604829
1143	1171	199.918243	96.280297
1164	2443	114.219758	67.660727
1164	1166	108.071552	61.686815
1165	2375	128.894392	70.090845
1165	2428	66.071552	69.953239
1166	1201	107.219758	66.862434
1167	2331	364.339011	65.797687
1167	2371	151.243661	56.854965
1168	2400	19.798990	79.195885
1168	2431	53.947196	59.330035
1169	1188	200.415718	97.245804
1169	1204	170.368016	91.866541
1170	2449	263.741135	77.348097
1170	1189	236.090352	72.398574
1171	1194	100.219758	91.593827
1174	1222	154.693330	67.041103
1174	1196	105.669532	80.750287
1175	2478	227.741083	62.622675
1177	1186	184.042598	81.450238
1177	1212	145.793887	83.573131
1178	1186	79.047701	66.298028
1178	2380	82.645629	64.593863
1178	2446	157.918243	77.142490
1179	1192	92.545124	64.951756
1179	2456	155.693382	66.159773
1180	1198	70.497475	76.924530
1180	2440	80.071552	66.124727
1181	1200	60.597980	62.579683
1182	2436	132.119305	77.627024
1182	2419	130.420820	68.727009
1183	2430	189.492372	73.903403
1183	1207	95.095402	66.395635
1184	2426	46.597980	75.392227
1184	2411	22.023851	71.797363
1184	1210	95.770037	64.450047
1185	1258	566.299852	131.262932
1186	2462	175.841588	72.545437
1187	1258	355.783682	149.382360
1188	1197	250.439568	111.501575
1188	1217	177.368016	103.076743
1189	2433	109.095402	70.553862
1189	2435	53.272562	76.025246
1190	1251	217.166954	81.337455
1191	1214	109.444619	82.872320
1192	1219	101.219810	66.500482
1193	1194	143.243609	78.045185
1193	1216	116.444619	68.177333
1194	1227	123.770037	79.557647
1195	2413	41.148206	71.108952
1195	2454	52.923346	70.986128
1196	1239	200.415718	83.702484
1197	1220	176.717181	127.135805
1198	2394	77.846691	78.947985
1198	2450	35.000000	81.633240
1199	2403	51.899495	59.983817
1199	1206	94.071552	59.853036
1199	2468	153.468521	66.718108
1200	2445	62.822840	62.371335
1200	2439	65.722335	66.050465
1201	2452	100.219758	72.148605
1201	2464	117.971047	61.908266
1202	2417	58.722335	69.797891
1202	2451	66.071552	69.393810
1202	1218	85.195907	65.776787
1203	2453	146.994897	73.272584
1203	2437	158.592877	68.528140
1204	1244	258.463419	89.408595
1205	2438	31.923346	64.876868
1205	2459	60.947196	69.797891
1205	1225	80.396970	63.414398
1206	1212	73.746186	71.386208
1206	1218	88.597980	68.883181
1207	2434	111.994897	66.312551
1207	1243	121.722335	64.647514
1208	1210	98.846691	70.083549
1208	2463	119.846691	65.474834
1208	1209	79.047701	66.733957
1209	1213	55.822840	65.170903
1209	2460	74.597980	58.247040
1210	1223	76.822840	67.228938
1211	1220	214.066501	110.620727
1211	1256	265.989795	98.003617
1212	1234	94.746186	65.255636
1213	2444	129.071552	78.070913
1213	2466	21.000000	68.585648
1214	1235	114.219758	72.753997
1214	1226	165.592877	83.318657
1215	2448	36.698485	62.771284
1215	2455	38.923346	69.999931
1215	1230	77.172057	60.260036
1216	2457	26.798990	70.693069
1216	2469	46.597980	78.917533
1217	1223	209.640578	77.655088
1217	1226	38.923346	97.182872
1218	1233	77.521273	66.781477
1219	2498	174.143104	62.151895
1219	1237	119.344114	73.765986
1220	1254	453.754781	131.441034
1221	2447	111.645681	56.261112
1221	2480	135.894392	66.472685
1221	1222	78.698485	55.154785
1222	1229	41.148206	56.655366
1223	1248	91.846691	64.551184
1225	1228	75.296412	60.649615
1225	1244	142.368016	75.571700
1226	1266	255.214707	97.838648
1227	1238	88.420820	71.537455
1227	1232	90.645681	72.371131
1228	2472	63.497475	58.769350
1228	2483	91.846691	70.175403
1229	2503	124.971047	56.285251
1229	2482	107.219758	57.134063
1230	1235	61.621830	59.138180
1231	2465	48.822840	89.643646
1231	1237	67.272562	87.806862
1231	2481	24.248711	89.643646
1232	2470	101.396970	55.914299
1232	1245	75.971047	64.155991
1233	2471	36.023851	67.948656
1233	2505	93.722335	77.814889
1234	2487	75.798990	69.775237
1234	2500	52.923346	61.024529
1235	1260	74.947196	59.381618
1236	2477	83.645681	64.984058
1236	2479	68.621830	65.880511
1236	1267	107.195959	70.761270
1237	2495	23.899495	81.633240
1238	2502	45.923346	63.083895
1238	2486	66.396970	73.445720
1239	1255	155.693382	77.139498
1239	1265	129.569026	68.365016
1240	2476	56.497475	60.629138
1240	2484	61.798990	58.420513
1240	1259	80.746186	56.338060
1242	2467	92.870542	71.977892
1242	1249	22.023851	64.155991
1242	1257	83.296465	64.152353
1243	2508	179.267459	81.392386
1243	2501	55.497423	65.597746
1244	1268	110.971047	81.150271
1245	2506	206.391867	70.612506
1245	2514	211.367964	67.010989
1246	2492	16.899495	69.999931
1246	2493	58.722335	73.851571
1246	1250	77.497475	58.979050
1248	1263	63.172057	68.769608
1248	1252	58.899495	63.637693
1249	2496	79.722335	65.309395
1249	2499	19.798990	62.596788
1250	2474	96.645629	63.858320
1250	1264	88.095402	67.576305
1251	1262	103.971047	62.472482
1251	1259	67.597980	65.073207
1252	2488	22.023851	68.585648
1252	2509	66.396970	70.686068
1253	2475	121.545176	59.771061
1253	1274	178.066449	71.243374
1253	1255	46.272562	62.903406
1254	1281	437.754676	142.397955
1255	2489	165.592877	63.039804
1256	1264	123.770037	82.886170
1256	1271	117.119253	81.249920
1257	1271	118.669479	67.818236
1257	1261	101.746186	65.419931
1258	1281	293.487217	176.468870
1259	2537	304.214707	78.563721
1260	2504	52.923346	64.107179
1260	2513	58.396918	58.002334
1261	2512	24.248711	69.999931
1261	2507	16.899495	69.999931
1262	2497	50.698485	67.505488
1262	2516	106.195907	71.898337
1263	2510	29.698485	75.392227
1263	2511	30.899495	75.392227
1264	1278	106.195907	71.079639
1265	1275	86.722335	58.479551
1266	1270	113.870542	81.325204
1266	1267	135.894392	84.759307
1267	1279	134.693382	77.574315
1268	1272	107.894392	73.537054
1268	1277	114.894392	69.922667
1269	2491	103.621830	69.293221
1269	1270	70.846691	71.488185
1269	1273	63.846691	69.999931
1270	2525	194.267511	61.906934
1271	1283	97.822840	64.867032
1272	2494	146.994897	66.583201
1272	1276	19.798990	65.632543
1273	2515	193.243661	73.453135
1273	1280	77.846691	65.070760
1274	2519	96.621830	75.948864
1274	2531	173.267511	73.193126
1275	2520	94.746186	64.899669
1275	1286	159.793887	66.388551
1276	2524	111.994897	64.374812
1276	2533	185.741083	69.442695
1277	2517	118.645681	64.756159
1277	2532	144.770037	68.023009
1278	2523	84.497475	62.809658
1278	1284	53.272562	62.609844
1279	2527	129.746186	70.448595
1279	1282	22.023851	63.640608
1280	2528	129.569026	72.824520
1280	2529	84.497475	74.117765
1281	1	154.000000	166.425103
1282	2518	84.172057	65.388596
1282	2535	139.143104	76.452024
1283	2530	77.172057	66.189774
1283	1285	60.947196	65.768284
1284	2522	93.047701	70.505673
1284	2534	94.420768	75.871497
1285	2521	56.497475	67.099153
1285	2540	109.597980	77.258836
1286	2538	78.195907	77.735262
1286	1287	72.047701	69.993707
1287	2536	22.023851	71.386208
1287	2539	24.248711	71.386208
2490	1265	136.569026	66.813785
2485	1230	208.616728	78.227487
2473	1161	197.693382	82.586676
1211	1144	156.219758	90.471997
1181	2408	112.669532	76.681084
1192	1117	155.693382	82.575418
1143	1054	182.516170	106.620720
1069	1045	161.492372	89.211565
2251	986	156.894392	69.999931
2258	914	140.994949	82.825035
2248	950	156.894392	59.043863
2217	922	140.669532	75.392227
2218	901	102.444619	65.288321
2230	929	126.320315	68.585648
2200	845	196.315212	79.603919
2181	860	181.817738	72.292773
2103	834	165.592877	71.176842
873	2168	205.717233	80.114909
824	783	68.621830	69.692434
2050	750	134.693382	75.392227
2033	858	184.741031	97.181545
812	1987	292.286207	94.859388
1998	755	117.444671	67.964310
1961	478	188.143104	67.620457
1843	586	87.071552	75.392227
569	525	144.444619	80.282183
1832	531	157.918243	75.392227
1740	432	181.492320	73.690582
512	396	131.468469	82.915692
1741	389	144.243661	70.432800
1802	405	148.693382	73.359081
1553	280	215.267511	83.570770
1561	282	136.071552	67.631668
1586	214	147.344114	66.616911
1569	213	126.344114	74.283529
231	1510	175.492372	75.392227
1579	237	230.468521	93.344274
1531	261	129.243609	68.585648
1558	139	144.592877	76.466274
1491	353	482.955791	98.277016
1514	192	258.989795	91.718441
1412	38	122.219810	66.813785
1361	27	217.143156	80.422728
